1
2
3
4
5
6
7
8
9
10
11
12
13
14
15
16
17
18
19
20
21
22
23
24
25
26
27
28
29
30
31
32
33
34
35
36
37
38
39
40
41
42
43
44
45
46
47
48
49
50
51
52
53
54
55
56
57
58
59
60
61
62
63
64
65
66
67
68
69
70
71
72
73
74
75
76
77
78
79
80
81
82
83
84
85
86
87
88
89
90
91
92
93
94
95
96
97
98
99
100
101
102
103
104
105
106
107
108
109
110
111
112
113
114
115
116
117
118
119
120
121
122
123
124
125
126
127
128
129
130
131
132
133
134
135
136
137
138
139
140
141
142
143
144
145
146
147
148
149
150
151
152
153
154
155
156
157
158
159
160
161
162
163
164
165
166
167
168
169
170
171
172
173
174
175
176
177
178
179
180
181
182
183
184
185
186
187
188
189
190
191
192
193
194
195
196
197
198
199
200
201
202
203
204
205
206
207
208
209
210
211
212
213
214
215
216
217
218
219
220
221
222
223
224
225
226
227
228
229
230
231
232
233
234
235
236
237
238
239
240
241
242
243
244
245
246
247
248
249
250
251
252
253
254
255
256
257
258
259
260
261
262
263
264
265
266
267
268
269
270
271
272
273
274
275
276
277
278
279
280
281
282
283
284
285
286
287
288
289
290
291
292
293
294
295
296
297
298
299
300
301
302
303
304
305
306
307
308
309
310
311
312
313
314
315
316
317
318
319
320
321
322
323
324
325
326
327
328
329
330
331
332
333
334
335
336
337
338
339
340
341
342
343
344
345
346
347
348
349
350
351
352
353
354
355
356
357
358
359
360
361
362
363
364
365
366
367
368
369
370
371
372
373
374
375
376
377
378
379
380
381
382
383
384
385
386
387
388
389
390
391
392
393
394
395
396
397
398
399
400
401
402
403
404
405
406
407
408
409
410
411
412
413
414
415
416
417
418
419
420
421
422
423
424
425
426
427
428
429
430
431
432
433
434
435
436
437
438
439
440
441
442
443
444
445
446
447
448
449
450
451
452
453
454
455
456
457
458
459
460
461
462
463
464
465
466
467
468
469
470
471
472
473
474
475
476
477
478
479
480
481
482
483
484
485
486
487
488
489
490
491
492
493
494
495
496
497
498
499
500
501
502
503
504
505
506
507
508
509
510
511
512
513
514
515
516
517
518
519
520
521
522
523
524
525
526
527
528
529
530
531
532
533
534
535
536
537
538
539
540
541
542
543
544
545
546
547
548
549
550
551
552
553
554
555
556
557
558
559
560
561
562
563
564
565
566
567
568
569
570
571
572
573
574
575
576
577
578
579
580
581
582
583
584
585
586
587
588
589
590
591
592
593
594
595
596
597
598
599
600
601
602
603
604
605
606
607
608
609
610
611
612
613
614
615
616
617
618
619
620
621
622
623
624
625
626
627
628
629
630
631
632
633
634
635
636
637
638
639
640
641
642
643
644
645
646
647
648
649
650
651
652
653
654
655
656
657
658
659
660
661
662
663
664
665
666
667
668
669
670
671
672
673
674
675
676
677
678
679
680
681
682
683
684
685
686
687
688
689
690
691
692
693
694
695
696
697
698
699
700
701
702
703
704
705
706
707
708
709
710
711
712
713
714
715
716
717
718
719
720
721
722
723
724
725
726
727
728
729
730
731
732
733
734
735
736
737
738
739
740
741
742
743
744
745
746
747
748
749
750
751
752
753
754
755
756
757
758
759
760
761
762
763
764
765
766
767
768
769
770
771
772
773
774
775
776
777
778
779
780
781
782
783
784
785
786
787
788
789
790
791
792
793
794
795
796
797
798
799
800
801
802
803
804
805
806
807
808
809
810
811
812
813
814
815
816
817
818
819
820
821
822
823
824
825
826
827
828
829
830
831
832
833
834
835
836
837
838
839
840
841
842
843
844
845
846
847
848
849
850
851
852
853
854
855
856
857
858
859
860
861
862
863
864
865
866
867
868
869
870
871
872
873
874
875
876
877
878
879
880
881
882
883
884
885
886
887
888
889
890
891
892
893
894
895
896
897
898
899
900
901
902
903
904
905
906
907
908
909
910
911
912
913
914
915
916
917
918
919
920
921
922
923
924
925
926
927
928
929
930
931
932
933
934
935
936
937
938
939
940
941
942
943
944
945
946
947
948
949
950
951
952
953
954
955
956
957
958
959
960
961
962
963
964
965
966
967
968
969
970
971
972
973
974
975
976
977
978
979
980
981
982
983
984
985
986
987
988
989
990
991
992
993
994
995
996
997
998
999
1000
1001
1002
1003
1004
1005
1006
1007
1008
1009
1010
1011
1012
1013
1014
1015
1016
1017
1018
1019
1020
1021
1022
1023
1024
1025
1026
1027
1028
1029
1030
1031
1032
1033
1034
1035
1036
1037
1038
1039
1040
1041
1042
1043
1044
1045
1046
1047
1048
1049
1050
1051
1052
1053
1054
1055
1056
1057
1058
1059
1060
1061
1062
1063
1064
1065
1066
1067
1068
1069
1070
1071
1072
1073
1074
1075
1076
1077
1078
1079
1080
1081
1082
1083
1084
1085
1086
1087
1088
1089
1090
1091
1092
1093
1094
1095
1096
1097
1098
1099
1100
1101
1102
1103
1104
1105
1106
1107
1108
1109
1110
1111
1112
1113
1114
1115
1116
1117
1118
1119
1120
1121
1122
1123
1124
1125
1126
1127
1128
1129
1130
1131
1132
1133
1134
1135
1136
1137
1138
1139
1140
1141
1142
1143
1144
1145
1146
1147
1148
1149
1150
1151
1152
1153
1154
1155
1156
1157
1158
1159
1160
1161
1162
1163
1164
1165
1166
1167
1168
1169
1170
1171
1172
1173
1174
1175
1176
1177
1178
1179
1180
1181
1182
1183
1184
1185
1186
1187
1188
1189
1190
1191
1192
1193
1194
1195
1196
1197
1198
1199
1200
1201
1202
1203
1204
1205
1206
1207
1208
1209
1210
1211
1212
1213
1214
1215
1216
1217
1218
1219
1220
1221
1222
1223
1224
1225
1226
1227
1228
1229
1230
1231
1232
1233
1234
1235
1236
1237
1238
1239
1240
1241
1242
1243
1244
1245
1246
1247
1248
1249
1250
1251
1252
1253
1254
1255
1256
1257
1258
1259
1260
1261
1262
1263
1264
1265
1266
1267
1268
1269
1270
1271
1272
1273
1274
1275
1276
1277
1278
1279
1280
1281
1282
1283
1284
1285
1286
1287
1288
1289
1290
1291
1292
1293
1294
1295
1296
1297
1298
1299
1300
1301
1302
1303
1304
1305
1306
1307
1308
1309
1310
1311
1312
1313
1314
1315
1316
1317
1318
1319
1320
1321
1322
1323
1324
1325
1326
1327
1328
1329
1330
1331
1332
1333
1334
1335
1336
1337
1338
1339
1340
1341
1342
1343
1344
1345
1346
1347
1348
1349
1350
1351
1352
1353
1354
1355
1356
1357
1358
1359
1360
1361
1362
1363
1364
1365
1366
1367
1368
1369
1370
1371
1372
1373
1374
1375
1376
1377
1378
1379
1380
1381
1382
1383
1384
1385
1386
1387
1388
1389
1390
1391
1392
1393
1394
1395
1396
1397
1398
1399
1400
1401
1402
1403
1404
1405
1406
1407
1408
1409
1410
1411
1412
1413
1414
1415
1416
1417
1418
1419
1420
1421
1422
1423
1424
1425
1426
1427
1428
1429
1430
1431
1432
1433
1434
1435
1436
1437
1438
1439
1440
1441
1442
1443
1444
1445
1446
1447
1448
1449
1450
1451
1452
1453
1454
1455
1456
1457
1458
1459
1460
1461
1462
1463
1464
1465
1466
1467
1468
1469
1470
1471
1472
1473
1474
1475
1476
1477
1478
1479
1480
1481
1482
1483
1484
1485
1486
1487
1488
1489
1490
1491
1492
1493
1494
1495
1496
1497
1498
1499
1500
1501
1502
1503
1504
1505
1506
1507
1508
1509
1510
1511
1512
1513
1514
1515
1516
1517
1518
1519
1520
1521
1522
1523
1524
1525
1526
1527
1528
1529
1530
1531
1532
1533
1534
1535
1536
1537
1538
1539
1540
1541
1542
1543
1544
1545
1546
1547
1548
1549
1550
1551
1552
1553
1554
1555
1556
1557
1558
1559
1560
1561
1562
1563
1564
1565
1566
1567
1568
1569
1570
1571
1572
1573
1574
1575
1576
1577
1578
1579
1580
1581
1582
1583
1584
1585
1586
1587
1588
1589
1590
1591
1592
1593
1594
1595
1596
1597
1598
1599
1600
1664
1728
1792
1856
1920
1984
2048
2112
2176
2240
2304
2368
2432
2496
2560
2624
2688
2752
2816
2880
2944
3008
3072
3136
3200
3264
3328
3392
3456
3520
3584
3648
3712
3776
3840
3904
3968
4032
4096
4160
4224
4288
4352
4416
4480
4544
4608
4672
4736
4800
4864
4928
4992
5056
5120
5184
5248
5312
5376
5440
5504
5568
5632
5696
5760
5824
5888
5952
6016
6080
6144
6208
6272
6336
6400
6464
6528
6592
6656
6720
6784
6848
6912
6976
7040
7104
7168
7232
7296
7360
7424
7488
7552
7616
7680
7744
7808
7872
7936
8000
8064
8128
8192
8256
8320
8384
8448
8512
8576
8640
8704
8768
8832
8896
8960
9024
9088
9152
9216
9280
9344
9408
9472
9536
9600
9664
9728
9792
9856
9920
9984
10048
10112
10176
10240
10304
10368
10432
10496
10560
10624
10688
10752
10816
10880
10944
11008
11072
11136
11200
11264
11328
11392
11456
11520
11584
11648
11712
11776
11840
11904
11968
12032
12096
12160
12224
12288
12352
12416
12480
12544
12608
12672
12736
12800
12864
12928
12992
13056
13120
13184
13248
13312
13376
13440
13504
13568
13632
13696
13760
13824
13888
13952
14016
14080
14144
14208
14272
14336
14400
14464
14528
14592
14656
14720
14784
14848
14912
14976
15040
15104
15168
15232
15296
15360
15424
15488
15552
15616
15680
15744
15808
15872
15936
16000
16064
16128
16192
16256
16320
16384
16448
16512
16576
16640
16704
16768
16832
16896
16960
17024
17088
17152
17216
17280
17344
17408
17472
17536
17600
17664
17728
17792
17856
17920
17984
18048
18112
18176
18240
18304
18368
18432
18496
18560
18624
18688
18752
18816
18880
18944
19008
19072
19136
19200
19264
19328
19392
19456
19520
19584
19648
19712
19776
19840
19904
19968
20032
20096
20160
20224
20288
20352
20416
20480
20544
20608
20672
20736
20800
20864
20928
20992
21056
21120
21184
21248
21312
21376
21440
21504
21568
21632
21696
21760
21824
21888
21952
22016
22080
22144
22208
22272
22336
22400
22464
22528
22592
22656
22720
22784
22848
22912
22976
23040
23104
23168
23232
23296
23360
23424
23488
23552
23616
23680
23744
23808
23872
23936
24000
24064
24128
24192
24256
24320
24384
24448
24512
24576
24640
24704
24768
24832
24896
24960
25024
25088
25152
25216
25280
25344
25408
25472
25536
25600
25664
25728
25792
25856
25920
25984
26048
26112
26176
26240
26304
26368
26432
26496
26560
26624
26688
26752
26816
26880
26944
27008
27072
27136
27200
27264
27328
27392
27456
27520
27584
27648
27712
27776
27840
27904
27968
28032
28096
28160
28224
28288
28352
28416
28480
28544
28608
28672
28736
28800
28864
28928
28992
29056
29120
29184
29248
29312
29376
29440
29504
29568
29632
29696
29760
29824
29888
29952
30016
30080
30144
30208
30272
30336
30400
30464
30528
30592
30656
30720
30784
30848
30912
30976
31040
31104
31168
31232
31296
31360
31424
31488
31552
31616
31680
31744
31808
31872
31936
32000
32064
32128
32192
32256
32320
32384
32448
32512
32576
32640
32704
32768
32832
32896
32960
33024
33088
33152
33216
33280
33344
33408
33472
33536
33600
33664
33728
33792
33856
33920
33984
34048
34112
34176
34240
34304
34368
34432
34496
34560
34624
34688
34752
34816
34880
34944
35008
35072
35136
35200
35264
35328
35392
35456
35520
35584
35648
35712
35776
35840
35904
35968
36032
36096
36160
36224
36288
36352
36416
36480
36544
36608
36672
36736
36800
36864
36928
36992
37056
37120
37184
37248
37312
37376
37440
37504
37568
37632
37696
37760
37824
37888
37952
38016
38080
38144
38208
38272
38336
38400
38464
38528
38592
38656
38720
38784
38848
38912
38976
39040
39104
39168
39232
39296
39360
39424
39488
39552
39616
39680
39744
39808
39872
39936
40000
40064
40128
40192
40256
40320
40384
40448
40512
40576
40640
40704
40768
40832
40896
40960
41024
41088
41152
41216
41280
41344
41408
41472
41536
41600
41664
41728
41792
41856
41920
41984
42048
42112
42176
42240
42304
42368
42432
42496
42560
42624
42688
42752
42816
42880
42944
43008
43072
43136
43200
43264
43328
43392
43456
43520
43584
43648
43712
43776
43840
43904
43968
44032
44096
44160
44224
44288
44352
44416
44480
44544
44608
44672
44736
44800
44864
44928
44992
45056
45120
45184
45248
45312
45376
45440
45504
45568
45632
45696
45760
45824
45888
45952
46016
46080
46144
46208
46272
46336
46400
46464
46528
46592
46656
46720
46784
46848
46912
46976
47040
47104
47168
47232
47296
47360
47424
47488
47552
47616
47680
47744
47808
47872
47936
48000
48064
48128
48192
48256
48320
48384
48448
48512
48576
48640
48704
48768
48832
48896
48960
49024
49088
49152
49216
49280
49344
49408
49472
49536
49600
49664
49728
49792
49856
49920
49984
50048
50112
50176
50240
50304
50368
50432
50496
50560
50624
50688
50752
50816
50880
50944
51008
51072
51136
51200
51264
51328
51392
51456
51520
51584
51648
51712
51776
51840
51904
51968
52032
52096
52160
52224
52288
52352
52416
52480
52544
52608
52672
52736
52800
52864
52928
52992
53056
53120
53184
53248
53312
53376
53440
53504
53568
53632
53696
53760
53824
53888
53952
54016
54080
54144
54208
54272
54336
54400
54464
54528
54592
54656
54720
54784
54848
54912
54976
55040
55104
55168
55232
55296
55360
55424
55488
55552
55616
55680
55744
55808
55872
55936
56000
56064
56128
56192
56256
56320
56384
56448
56512
56576
56640
56704
56768
56832
56896
56960
57024
57088
57152
57216
57280
57344
57408
57472
57536
57600
57664
57728
57792
57856
57920
57984
58048
58112
58176
58240
58304
58368
58432
58496
58560
58624
58688
58752
58816
58880
58944
59008
59072
59136
59200
59264
59328
59392
59456
59520
59584
59648
59712
59776
59840
59904
59968
60032
60096
60160
60224
60288
60352
60416
60480
60544
60608
60672
60736
60800
60864
60928
60992
61056
61120
61184
61248
61312
61376
61440
61504
61568
61632
61696
61760
61824
61888
61952
62016
62080
62144
62208
62272
62336
62400
62464
62528
62592
62656
62720
62784
62848
62912
62976
63040
63104
63168
63232
63296
63360
63424
63488
63552
63616
63680
63744
63808
63872
63936
64000
64064
64128
64192
64256
64320
64384
64448
64512
64576
64640
64704
64768
64832
64896
64960
65024
65088
65152
65216
65280
65344
65408
65472
65536
65600
65664
65728
65792
65856
65920
65984
66048
66112
66176
66240
66304
66368
66432
66496
66560
66624
66688
66752
66816
66880
66944
67008
67072
67136
67200
67264
67328
67392
67456
67520
67584
67648
67712
67776
67840
67904
67968
68032
68096
68160
68224
68288
68352
68416
68480
68544
68608
68672
68736
68800
68864
68928
68992
69056
69120
69184
69248
69312
69376
69440
69504
69568
69632
69696
69760
69824
69888
69952
70016
70080
70144
70208
70272
70336
70400
70464
70528
70592
70656
70720
70784
70848
70912
70976
71040
71104
71168
71232
71296
71360
71424
71488
71552
71616
71680
71744
71808
71872
71936
72000
72064
72128
72192
72256
72320
72384
72448
72512
72576
72640
72704
72768
72832
72896
72960
73024
73088
73152
73216
73280
73344
73408
73472
73536
73600
73664
73728
73792
73856
73920
73984
74048
74112
74176
74240
74304
74368
74432
74496
74560
74624
74688
74752
74816
74880
74944
75008
75072
75136
75200
75264
75328
75392
75456
75520
75584
75648
75712
75776
75840
75904
75968
76032
76096
76160
76224
76288
76352
76416
76480
76544
76608
76672
76736
76800
76864
76928
76992
77056
77120
77184
77248
77312
77376
77440
77504
77568
77632
77696
77760
77824
77888
77952
78016
78080
78144
78208
78272
78336
78400
78464
78528
78592
78656
78720
78784
78848
78912
78976
79040
79104
79168
79232
79296
79360
79424
79488
79552
79616
79680
79744
79808
79872
79936
80000
80064
80128
80192
80256
80320
80384
80448
80512
80576
80640
80704
80768
80832
80896
80960
81024
81088
81152
81216
81280
81344
81408
81472
81536
81600
81664
81728
81792
81856
81920
81984
82048
82112
82176
82240
82304
82368
82432
82496
82560
82624
82688
82752
82816
82880
82944
83008
83072
83136
83200
83264
83328
83392
83456
83520
83584
83648
83712
83776
83840
83904
83968
84032
84096
84160
84224
84288
84352
84416
84480
84544
84608
84672
84736
84800
84864
84928
84992
85056
85120
85184
85248
85312
85376
85440
85504
85568
85632
85696
85760
85824
85888
85952
86016
86080
86144
86208
86272
86336
86400
86464
86528
86592
86656
86720
86784
86848
86912
86976
87040
87104
87168
87232
87296
87360
87424
87488
87552
87616
87680
87744
87808
87872
87936
88000
88064
88128
88192
88256
88320
88384
88448
88512
88576
88640
88704
88768
88832
88896
88960
89024
89088
89152
89216
89280
89344
89408
89472
89536
89600
89664
89728
89792
89856
89920
89984
90048
90112
90176
90240
90304
90368
90432
90496
90560
90624
90688
90752
90816
90880
90944
91008
91072
91136
91200
91264
91328
91392
91456
91520
91584
91648
91712
91776
91840
91904
91968
92032
92096
92160
92224
92288
92352
92416
92480
92544
92608
92672
92736
92800
92864
92928
92992
93056
93120
93184
93248
93312
93376
93440
93504
93568
93632
93696
93760
93824
93888
93952
94016
94080
94144
94208
94272
94336
94400
94464
94528
94592
94656
94720
94784
94848
94912
94976
95040
95104
95168
95232
95296
95360
95424
95488
95552
95616
95680
95744
95808
95872
95936
96000
96064
96128
96192
96256
96320
96384
96448
96512
96576
96640
96704
96768
96832
96896
96960
97024
97088
97152
97216
97280
97344
97408
97472
97536
97600
97664
97728
97792
97856
97920
97984
98048
98112
98176
98240
98304
98368
98432
98496
98560
98624
98688
98752
98816
98880
98944
99008
99072
99136
99200
99264
99328
99392
99456
99520
99584
99648
99712
99776
99840
99904
99968
100032
100096
100160
100224
100288
100352
100416
100480
100544
100608
100672
100736
100800
100864
100928
100992
101056
101120
101184
101248
101312
101376
101440
101504
101568
101632
101696
101760
101824
101888
101952
102016
102080
102144
102208
102272
102336
102400
