4.26691564026e-15
6.638981898950001e-16
3.7898039741100005e-16
2.72240281533e-16
2.13699088807e-16
1.8056448263700002e-16
1.55423276246e-16
1.3608617271300002e-16
1.2101814776e-16
1.0896318569700002e-16
9.941662719723864e-17
9.131864932630725e-17
8.448022654093009e-17
7.861188656960102e-17
7.351347549031844e-17
6.904125192482386e-17
6.509116047392718e-17
6.15865189690168e-17
5.846895411672746e-17
5.569196854713349e-17
5.3216660383255143e-17
5.100911587698676e-17
4.903899079120332e-17
4.727883870872094e-17
4.5703834128178484e-17
4.429165001831102e-17
4.3022355266878777e-17
4.187827829949718e-17
4.084383271263346e-17
3.9905322699022207e-17
3.905074899789179e-17
3.8269629405133725e-17
3.755283876414014e-17
3.689246616384387e-17
3.6281683630382864e-17
3.571462095080691e-17
3.51862442476643e-17
3.4692239587219046e-17
3.4228905303754975e-17
3.379305684109804e-17
3.338193908698081e-17
3.2993177380830723e-17
3.262471776180285e-17
3.2274774693666213e-17
3.19417995198024e-17
3.16244493931297e-17
3.132155106353854e-17
3.1032109868132265e-17
3.075526031807824e-17
3.0490250741493254e-17
3.023642783806959e-17
2.999322720387937e-17
2.976016302085213e-17
2.9536799642487885e-17
2.9322745057669566e-17
2.9117637780962604e-17
2.8921135209225636e-17
2.873289579633683e-17
2.855256933217328e-17
2.837978798594855e-17
2.821416020251015e-17
2.805526954080745e-17
2.790267887251952e-17
2.775594298637313e-17
2.7614626604216258e-17
2.7478325154621755e-17
2.7346686993808084e-17
2.72194333033368e-17
2.7096372544426433e-17
2.697740720246104e-17
2.6862531793484267e-17
2.675182236914591e-17
2.664541879582409e-17
2.6543501767196398e-17
2.6446266822955562e-17
2.635389768450217e-17
2.6266541059215343e-17
2.618428479182609e-17
2.6107140895623686e-17
2.6035034584700054e-17
2.5967799957702383e-17
2.5905182447686895e-17
2.584684758991969e-17
2.5792395114608282e-17
2.5741376920538357e-17
2.569331719817686e-17
2.5647732896219903e-17
2.5604152877981045e-17
2.5562134448861682e-17
2.5521276395211714e-17
2.548122724406459e-17
2.5441693129764865e-17
2.540243769452611e-17
2.5363281338323922e-17
2.5324098109378264e-17
2.5284810932966688e-17
2.5245385875068404e-17
2.5205825908696082e-17
2.516616453750901e-17
2.5126459490291668e-17
2.5086786668420453e-17
2.5047235281326023e-17
2.5007901371429924e-17
2.4968883724057985e-17
2.4930279743614583e-17
2.4892181902203016e-17
2.485467480292524e-17
2.481783290346463e-17
2.4781719321002444e-17
2.4746383798893028e-17
2.471186376143667e-17
2.467818469994471e-17
2.4645361430247846e-17
2.461339990998385e-17
2.458229944227343e-17
2.455205509258513e-17
2.452266012909897e-17
2.4494108192040677e-17
2.4466395484383937e-17
2.4439522020309645e-17
2.4413492384395712e-17
2.43883158001492e-17
2.4364005480018603e-17
2.4340577294895458e-17
2.4318047848749182e-17
2.4296432093161902e-17
2.4275740661813494e-17
2.4255977407045813e-17
2.4237136070059282e-17
2.4219198609533534e-17
2.4202133485659097e-17
2.4185894746489226e-17
2.4170421947427265e-17
2.4155640902226806e-17
2.4141465211020912e-17
2.4127798449973243e-17
2.4114536878847446e-17
2.4101572212063495e-17
2.4088795138868053e-17
2.4076098352055944e-17
2.4063379341971154e-17
2.40505429238701e-17
2.4037503370890136e-17
2.402418601936787e-17
2.4010528311831442e-17
2.3996482048009276e-17
2.3982012340048287e-17
2.3967098180162608e-17
2.395173225762134e-17
2.3935920524872953e-17
2.3919681248073187e-17
2.3903045003145892e-17
2.3886053207819123e-17
2.3868756588677023e-17
2.385121413209661e-17
2.38334916605768e-17
2.3815660285397685e-17
2.379779474646876e-17
2.377997175182431e-17
2.376226783682438e-17
2.3744757530670097e-17
2.3727511425508388e-17
2.3710594239524752e-17
2.369406295531102e-17
2.3677965102986318e-17
2.3662337268476785e-17
2.364720400516534e-17
2.363257686479058e-17
2.361845391764652e-17
2.3604820282766398e-17
2.3591648660731795e-17
2.3578900532703995e-17
2.3566527830821652e-17
2.3554475000671333e-17
2.3542681347545573e-17
2.3531083534801863e-17
2.3519618094258912e-17
2.3508223808880678e-17
2.3496843841221026e-17
2.3485427508759386e-17
2.3473931636111378e-17
2.346232145212428e-17
2.3450570903778187e-17
2.3438663054300084e-17
2.342658944845998e-17
2.3414349501131473e-17
2.3401949683287673e-17
2.338940254369603e-17
2.3376725670445366e-17
2.336394065230446e-17
2.3351072087912502e-17
2.333814666352744e-17
2.332519243237262e-17
2.3312238000940703e-17
2.3299311980277933e-17
2.3286442554049207e-17
2.3273657132307675e-17
2.326098213024579e-17
2.3248442754063667e-17
2.3236062805263033e-17
2.322386478011992e-17
2.32118698230536e-17
2.3200097756296e-17
2.3188567209669897e-17
2.317729542636605e-17
2.3166298609137703e-17
2.3155591914822027e-17
2.314518951785994e-17
2.3135104715833186e-17
2.3125349823537296e-17
2.3115936317350678e-17
2.310687481468321e-17
2.3098175023630785e-17
2.308984571399717e-17
2.3081894558130723e-17
2.3074327947221636e-17
2.306715091606527e-17
2.3060366896658627e-17
2.305397748026335e-17
2.3047982236608104e-17
2.3042378248517657e-17
2.3037159861538623e-17
2.3032318514715918e-17
2.3027842435603835e-17
2.3023716425923284e-17
2.3019921704069472e-17
2.301643592051044e-17
2.301323287030512e-17
2.301028281939921e-17
2.3007552730745602e-17
2.3005006539647888e-17
2.3002605566380772e-17
2.3000309015982127e-17
2.299807455056769e-17
2.299585890085916e-17
2.299361851268104e-17
2.299131027459858e-17
2.298889213454981e-17
2.298632371216144e-17
2.2983566864077304e-17
2.2980586188748317e-17
2.2977349462193195e-17
2.2973827901909432e-17
2.2969996694503538e-17
2.2965835087419912e-17
2.296132645621247e-17
2.2956458418644688e-17
2.2951222841218787e-17
2.2945615788858045e-17
2.293963742241051e-17
2.2933291740937668e-17
2.292658672961763e-17
2.2919533801587527e-17
2.2912147596117195e-17
2.2904445694050817e-17
2.289644828336741e-17
2.2888177794843446e-17
2.2879658509690512e-17
2.287091613286417e-17
2.286197741171029e-17
2.285286960272568e-17
2.2843620021359574e-17
2.2834255579656957e-17
2.2824802317889893e-17
2.281528494891318e-17
2.2805726425546986e-17
2.2796147542274855e-17
2.2786566593477238e-17
2.2776999118697488e-17
2.2767457510367087e-17
2.2757951049692677e-17
2.2748485788955542e-17
2.273906457998693e-17
2.2729687189732996e-17
2.2720350498530924e-17
2.2711048772764778e-17
2.270177400120734e-17
2.2692516282020263e-17
2.2683264247953338e-17
2.26740054884645e-17
2.2664726996616902e-17
2.265541563116072e-17
2.2646058503548606e-17
2.263664334814651e-17
2.2627158850219457e-17
2.26175949263799e-17
2.260794295511066e-17
2.2598195913925084e-17
2.2588348611130722e-17
2.257839775377797e-17
2.256834193469274e-17
2.255818166983495e-17
2.254791937624793e-17
2.253755932379505e-17
2.2527107491090805e-17
2.2516571705393166e-17
2.2505961331572092e-17
2.2495287188427522e-17
2.2484561436177135e-17
2.2473797438097113e-17
2.2463009591424984e-17
2.2452213333074595e-17
2.2441424800119986e-17
2.2430660742925803e-17
2.241993837045663e-17
2.240927519738538e-17
2.2398688902079514e-17
2.2388197112345835e-17
2.2377817262995857e-17
2.2367566438602595e-17
2.2357461266187936e-17
2.234751763522571e-17
2.233775058701303e-17
2.2328174194461163e-17
2.231880140723943e-17
2.2309644018442037e-17
2.230071226247671e-17
2.2292014894034714e-17
2.228355910072545e-17
2.227535040271394e-17
2.2267392722333347e-17
2.2259687937748997e-17
2.2252236224741708e-17
2.2245035997598528e-17
2.2238083918474905e-17
2.223137506426895e-17
2.2224902591233917e-17
2.2218658247805242e-17
2.2212632364342334e-17
2.2206813977577575e-17
2.2201191016703398e-17
2.2195750240412214e-17
2.2190477668609407e-17
2.2185358653744157e-17
2.2180378048009456e-17
2.2175520358316785e-17
2.2170769909345462e-17
2.216611105248716e-17
2.216152828718386e-17
2.2157006392060237e-17
2.215253052786109e-17
2.2148086473517346e-17
2.2143660622541097e-17
2.2139240095936745e-17
2.2134812804051982e-17
2.213036748308422e-17
2.2125893906236748e-17
2.212138273324064e-17
2.2116825586138596e-17
2.2112215053409173e-17
2.210754463643866e-17
2.2102808934688908e-17
2.209800340558678e-17
2.2093124400090898e-17
2.2088169122485053e-17
2.2083135548437612e-17
2.207802248022076e-17
2.207282939070983e-17
2.2067556364431448e-17
2.2062204044302888e-17
2.205677355971401e-17
2.2051266455786313e-17
2.2045684657622173e-17
2.2040030345549267e-17
2.203430591199776e-17
2.2028513899063727e-17
2.2022656940656808e-17
2.2016737714105783e-17
2.201075888739638e-17
2.2004723083397362e-17
2.1998632853565516e-17
2.1992490657992655e-17
2.1986298854490764e-17
2.1980059700513734e-17
2.1973775345562536e-17
2.1967447860651774e-17
2.1961079256259116e-17
2.1954671508785852e-17
2.1948226592209642e-17
2.1941746509982524e-17
2.1935233333636996e-17
2.1928689245823982e-17
2.1922116568825458e-17
2.1915517798602305e-17
2.1908895633791593e-17
2.1902252995775487e-17
2.189559305270235e-17
2.1888919254177546e-17
2.1882235311242813e-17
2.1875545208459975e-17
2.1868853200907692e-17
2.186216379735691e-17
2.1855481768531714e-17
2.1848812119583943e-17
2.184216005263861e-17
2.1835530946382936e-17
2.1828930323922373e-17
2.1822363820479258e-17
2.1815837150314838e-17
2.180935604956091e-17
2.1802926240118766e-17
2.179655338548377e-17
2.1790243060649243e-17
2.1784000659051875e-17
2.1777831375174438e-17
2.1771740147974632e-17
2.176573161349229e-17
2.1759810085228075e-17
2.17539794009164e-17
2.1748242967707605e-17
2.17426036893626e-17
2.1737063931061554e-17
2.1731625496145233e-17
2.1726289464622438e-17
2.172105628970409e-17
2.1715925728033525e-17
2.171089683337097e-17
2.1705967922357698e-17
2.1701136472612775e-17
2.169639924663946e-17
2.169175225050762e-17
2.1687190765318783e-17
2.1682709326500275e-17
2.1678301711027772e-17
2.167396107087422e-17
2.166967993888781e-17
2.1665450293388432e-17
2.1661263583157063e-17
2.1657110787199663e-17
2.1652982543005643e-17
2.1648869197223328e-17
2.1644760886464587e-17
2.164064760910623e-17
2.1636519328525976e-17
2.1632366066941122e-17
2.1628177982932207e-17
2.1623945450331678e-17
2.1619659125556127e-17
2.1615310102192925e-17
2.1610889917659532e-17
2.1606390641805447e-17
2.1601804941776488e-17
2.159712609250674e-17
2.159234817443527e-17
2.1587465999024162e-17
2.1582475171223272e-17
2.1577372127944e-17
2.1572154137750414e-17
2.1566819378886417e-17
2.1561366964882663e-17
2.1555796877842794e-17
2.155010999895342e-17
2.154430810184953e-17
2.153839380216936e-17
2.1532370654236714e-17
2.1526243025599973e-17
2.1520016072620915e-17
2.1513695712345074e-17
2.1507288577109116e-17
2.1500801943897628e-17
2.1494243739436976e-17
2.1487622421745176e-17
2.148094691168882e-17
2.14742265283479e-17
2.1467470910817458e-17
2.1460689936046224e-17
2.1453893637086888e-17
2.1447092115811025e-17
2.1440295443656516e-17
2.143351358146029e-17
2.1426756294064447e-17
2.1420033068288437e-17
2.1413353035357507e-17
2.1406724910986326e-17
2.1400156902575887e-17
2.1393656663628365e-17
2.1387231259111504e-17
2.1380887123714133e-17
2.1374630037357893e-17
2.1368465111227072e-17
2.136239678524027e-17
2.135642884405768e-17
2.135056442513833e-17
2.1344806033021016e-17
2.1339155609249258e-17
2.133361456408222e-17
2.1328183828109032e-17
2.1322863907675576e-17
2.1317654943550954e-17
2.1312556772223125e-17
2.1307568989040497e-17
2.1302691000938892e-17
2.1297922090492903e-17
2.1293261472336586e-17
2.1288708340323246e-17
2.1284261912063943e-17
2.1279921467076972e-17
2.127568637842684e-17
2.127155613777167e-17
2.126753037029002e-17
2.126360885021205e-17
2.1259791502212066e-17
2.125607839145461e-17
2.1252469713223398e-17
2.124896577362639e-17
2.124556696328971e-17
2.124227372512376e-17
2.1239086516979323e-17
2.123600577085034e-17
2.1233031846083895e-17
2.1230164975638234e-17
2.1227405218712805e-17
2.122475240833433e-17
2.122220609929235e-17
2.121976551765783e-17
2.1217429513228923e-17
2.121519651519902e-17
2.1213064494081312e-17
2.1211030936196244e-17
2.1209092782980206e-17
2.1207246447487017e-17
2.1205487792486952e-17
2.120381212843562e-17
2.1202214220431577e-17
2.1200688304670942e-17
2.119922811360003e-17
2.119782690920962e-17
2.1196477532688847e-17
2.119517243101523e-17
2.1193903734347858e-17
2.119266331566033e-17
2.1191442854612472e-17
2.1190233907386376e-17
2.1189027979466424e-17
2.1187816599345888e-17
2.118659139166338e-17
2.1185344143522085e-17
2.1184066891737556e-17
2.118275198437019e-17
2.1181392143281177e-17
2.117998052617384e-17
2.117851078271686e-17
2.1176977105711368e-17
2.117537427632547e-17
2.1173697700203663e-17
2.1171943431338105e-17
2.1170108248693747e-17
2.1168189621577116e-17
2.116618574204033e-17
2.1164095531388203e-17
2.11619186404116e-17
2.1159655443389295e-17
2.115730702514521e-17
2.1154875148975673e-17
2.1152362264024336e-17
2.1149771452478522e-17
2.1147106381314368e-17
2.1144371264706283e-17
2.1141570812755222e-17
2.1138710175098276e-17
2.1135794878950498e-17
2.1132830761822747e-17
2.1129823899595322e-17
2.1126780540250027e-17
2.112370701549015e-17
2.1120609663789318e-17
2.1117494751931502e-17
2.1114368395026772e-17
2.1111236478326725e-17
2.1108104581069643e-17
2.110497790372132e-17
2.1101861201216667e-17
2.109875873167777e-17
2.109567417479256e-17
2.1092610604942126e-17
2.1089570455517984e-17
2.1086555489066122e-17
2.1083566781638938e-17
2.1080604716379163e-17
2.1077668988262894e-17
2.1074758620252617e-17
2.1071871988699855e-17
2.1069006858047382e-17
2.1066160431663995e-17
2.1063329383589483e-17
2.1060509931015307e-17
2.1057697899105814e-17
2.1054888783891217e-17
2.105207782139974e-17
2.104926005748359e-17
2.1046430416919885e-17
2.1043583771510047e-17
2.1040715005311064e-17
2.1037819074850573e-17
2.1034891064182788e-17
2.1031926238008083e-17
2.1028920090675564e-17
2.1025868378990215e-17
2.102276715461778e-17
2.101961278964326e-17
2.101640199480273e-17
2.1013131831148956e-17
2.1009799715919904e-17
2.100640342219521e-17
2.1002941073018205e-17
2.0999411124142334e-17
2.0995812374381976e-17
2.0992143922012704e-17
2.0988405152843422e-17
2.0984595717825274e-17
2.0980715508875337e-17
2.097676463459901e-17
2.0972743395692496e-17
2.0968652260196892e-17
2.0964491839808164e-17
2.0960262870626626e-17
2.0955966194078977e-17
2.095160273610479e-17
2.0947173494281682e-17
2.0942679526254146e-17
2.0938121941686582e-17
2.0933501896575155e-17
2.092882059007728e-17
2.092407926474039e-17
2.0919279210402413e-17
2.0914421770942045e-17
2.090950835056165e-17
2.0904540423996384e-17
2.089951954790054e-17
2.0894447373557137e-17
2.0889325659957173e-17
2.08841562870518e-17
2.0878941265060445e-17
2.08736827594538e-17
2.0868383092143727e-17
2.0863044754578632e-17
2.085767041590876e-17
2.0852262930255608e-17
2.08468253415527e-17
2.0841360884751372e-17
2.0835872981255298e-17
2.0830365248294768e-17
2.08248414834501e-17
2.081930565477716e-17
2.0813761890849038e-17
2.0808214466357997e-17
2.0802667785386358e-17
2.0797126362015167e-17
2.0791594797155922e-17
2.0786077760134974e-17
2.078057995846909e-17
2.0775106110554246e-17
2.0769660920104642e-17
2.076424904718978e-17
2.0758875078710267e-17
2.0753543500116507e-17
2.074825867158575e-17
2.0743024788215684e-17
2.0737845858488513e-17
2.0732725681357563e-17
2.072766782018498e-17
2.0722675581482463e-17
2.0717751995360473e-17
2.071289979775301e-17
2.0708121424820893e-17
2.070341898245872e-17
2.0698794248425438e-17
2.0694248673285578e-17
2.0689783375138166e-17
2.0685399141374707e-17
2.068109643439787e-17
2.067687540049139e-17
2.0672735884769596e-17
2.0668677436161625e-17
2.0664699324548365e-17
2.066080056971467e-17
2.065697995773855e-17
2.0653236062613697e-17
2.0649567269340083e-17
2.0645971798241006e-17
2.0642447729737932e-17
2.0638993026540733e-17
2.0635605555333164e-17
2.063228311515426e-17
2.0629023455380604e-17
2.0625824296262082e-17
2.0622683346851396e-17
2.0619598320496423e-17
2.061656694877106e-17
2.0613586994467264e-17
2.0610656262587588e-17
2.0607772606620728e-17
2.0604933934316057e-17
2.0602138211402913e-17
2.0599383463900652e-17
2.0596667778343442e-17
2.0593989299982525e-17
2.0591346236460004e-17
2.058873684799827e-17
2.0586159446057004e-17
2.0583612389717652e-17
2.0581094081397413e-17
2.057860296143601e-17
2.0576137505841224e-17
2.057369622305629e-17
2.057127764798361e-17
2.0568880341339154e-17
2.0566502887420898e-17
2.0564143892078725e-17
2.0561801983268038e-17
2.0559475813435122e-17
2.0557164058210705e-17
2.0554865420077703e-17
2.055257863114197e-17
2.055030245539296e-17
2.0548035694427117e-17
2.0545777195749588e-17
2.0543525853131862e-17
2.0541280614057766e-17
2.053904048568401e-17
2.0536804535693985e-17
2.0534571912274067e-17
2.0532341839350758e-17
2.053011362360492e-17
2.0527886660647602e-17
2.0525660435476016e-17
2.0523434538721187e-17
2.0521208666494383e-17
2.0518982618894466e-17
2.0516756305376963e-17
2.051452974180648e-17
2.0512303063266452e-17
2.0510076523641308e-17
2.050785048549837e-17
2.050562542320882e-17
2.050340191669536e-17
2.050118065945258e-17
2.049896245185996e-17
2.049674818825935e-17
2.0494538855165156e-17
2.0492335521325126e-17
2.0490139339131515e-17
2.04879515317902e-17
2.048577337877716e-17
2.0483606208681752e-17
2.04814513879233e-17
2.0479310311565955e-17
2.0477184386683594e-17
2.0475075019159078e-17
2.0472983600503677e-17
2.0470911495363434e-17
2.046886002493574e-17
2.0466830446613626e-17
2.0464823944443645e-17
2.0462841612419e-17
2.046088444169761e-17
2.045895330676644e-17
2.04570489317469e-17
2.0455171897573098e-17
2.0453322622283185e-17
2.0451501348960785e-17
2.0449708145595644e-17
2.0447942864029265e-17
2.0446205155538645e-17
2.044449446422425e-17
2.0442810019840704e-17
2.044115083695198e-17
2.043951572012934e-17
2.043790323709163e-17
2.0436311757564863e-17
2.0434739449631524e-17
2.0433184289167487e-17
2.0431644073484213e-17
2.043011643445874e-17
2.042859884310632e-17
2.0427088647381935e-17
2.0425583085187475e-17
2.0424079305491465e-17
2.0422574390751577e-17
2.042106537942147e-17
2.041954929073824e-17
2.0418023152054098e-17
2.041648402060989e-17
2.041492900669235e-17
2.0413355294897516e-17
2.041176016089674e-17
2.0410141009388402e-17
2.0408495374537234e-17
2.0406820940861457e-17
2.040511555695715e-17
2.040337724420374e-17
2.0401604203935695e-17
2.0399794847928152e-17
2.0397947774953335e-17
2.0396061782139716e-17
2.0394135865323438e-17
2.039216921054573e-17
2.039016120515361e-17
2.0388111430327296e-17
2.0386019640946365e-17
2.0383885763364416e-17
2.0381709884974387e-17
2.0379492239724478e-17
2.0377233220087032e-17
2.037493333765585e-17
2.0372593220737247e-17
2.0370213602368383e-17
2.0367795303446352e-17
2.0365339239819347e-17
2.036284638957415e-17
2.0360317788906564e-17
2.0357754522360542e-17
2.035515771243363e-17
2.03525285159763e-17
2.0349868107626216e-17
2.0347177676225034e-17
2.0344458418659786e-17
2.0341711534426864e-17
2.0338938220150006e-17
2.0336139665605116e-17
2.03333170513669e-17
2.0330471547920184e-17
2.0327604311693446e-17
2.032471648586057e-17
2.032180920168122e-17
2.0318883579225007e-17
2.0315940728316592e-17
2.0312981749593947e-17
2.0310007740349376e-17
2.030701979647024e-17
2.0304019014742578e-17
2.030100649889765e-17
2.0297983364266727e-17
2.0294950741497476e-17
2.0291909780586955e-17
2.0288861656203808e-17
2.0285807577562778e-17
2.028274878804976e-17
2.0279686571818753e-17
2.0276622253998914e-17
2.0273557218351646e-17
2.0270492902893126e-17
2.0267430804002916e-17
2.0264372479241557e-17
2.026131955215671e-17
2.0258273725878428e-17
2.0255236771130894e-17
2.0252210532833435e-17
2.0249196927373738e-17
2.0246197954166183e-17
2.024321569006307e-17
2.0240252283838524e-17
2.0237309956663773e-17
2.023439099526302e-17
2.0231497760782987e-17
2.0228632672461012e-17
2.022579820241494e-17
2.02229968700174e-17
2.0220231233191208e-17
2.0217503882448863e-17
2.0214817426135688e-17
2.0212174479754525e-17
2.0209577653899147e-17
2.0207029541607323e-17
2.0204532706433538e-17
2.0202089659400602e-17
2.0199702849663732e-17
2.0197374647166292e-17
2.019510732609183e-17
2.0192903051176784e-17
2.0190763856783213e-17
2.0188691622423408e-17
2.018668806866353e-17
2.018475473677992e-17
2.0182892972915878e-17
2.0181103913117062e-17
2.0179388480804206e-17
2.0177747341321634e-17
2.0176180919720708e-17
2.0174689383922587e-17
2.0173272634794277e-17
2.01719302984413e-17
2.0170661721182284e-17
2.016946597488344e-17
2.0168341827126117e-17
2.0167287763870464e-17
2.0166301987430786e-17
2.016538241681605e-17
2.0164526691916054e-17
2.0163732179078337e-17
2.0162995977742042e-17
2.0162314935877814e-17
2.0161685637318922e-17
2.0161104433109706e-17
2.0160567448259205e-17
2.0160070592828826e-17
2.0159609574493672e-17
2.0159179912882516e-17
2.015877695422629e-17
2.0158395885966425e-17
2.015803175347394e-17
2.0157679470024375e-17
2.015733384172537e-17
2.0156989581624343e-17
2.015664132677611e-17
2.015628365599903e-17
2.0155911108844533e-17
2.0155518204456412e-17
2.015509945946542e-17
2.015464940823457e-17
2.0154162625115143e-17
2.015363374298547e-17
2.0153057475138463e-17
2.0152428635426664e-17
2.015174216044866e-17
2.0150993131374413e-17
2.0150176795087488e-17
2.0149288586390994e-17
2.0148324147661154e-17
2.0147279351263516e-17
2.0146150328719265e-17
2.0144933480910737e-17
2.0143625500036236e-17
2.0142223390098796e-17
2.0140724484330872e-17
2.0139126461311674e-17
2.0137427360878947e-17
2.0135625597428915e-17
2.0133719966893867e-17
2.0131709665159235e-17
2.0129594300227763e-17
2.012737388491304e-17
2.0125048846062548e-17
2.012262002535769e-17
2.012008867818808e-17
2.011745647035311e-17
2.0114725471626996e-17
2.0111898146652955e-17
2.0108977341980265e-17
2.0105966275421995e-17
2.010286852817991e-17
2.0099688012203217e-17
2.0096428954601462e-17
2.0093095876184215e-17
2.008969356694848e-17
2.008622705946154e-17
2.00827016013749e-17
2.007912262632127e-17
2.007549572236921e-17
2.0071826602258827e-17
2.0068121073149518e-17
2.006438499734389e-17
2.006062426333804e-17
2.0056844751293392e-17
2.005305229988104e-17
2.0049252674091574e-17
2.0045451532323312e-17
2.0041654394598876e-17
2.0037866614576157e-17
2.0034093353023177e-17
2.0030339535957604e-17
2.002660984431124e-17
2.0022908685152518e-17
2.0019240170347414e-17
2.0015608098442777e-17
2.001201593784605e-17
2.0008466813033813e-17
2.0004963494564696e-17
2.000150839063377e-17
1.9998103547883243e-17
1.9994750636558384e-17
1.999145095764363e-17
1.9988205453489432e-17
1.998501471080408e-17
1.998187897079521e-17
1.9978798142919497e-17
1.9975771820294623e-17
1.9972799297154983e-17
1.9969879589495802e-17
1.996701145793461e-17
1.9964193432483228e-17
1.9961423828394505e-17
1.9958700784428347e-17
1.995602228529213e-17
1.9953386189836922e-17
1.9950790257595508e-17
1.9948232176752948e-17
1.9945709591427642e-17
1.9943220126908395e-17
1.9940761415809095e-17
1.9938331121098376e-17
1.9935926959496124e-17
1.9933546723164497e-17
1.993118829778624e-17
1.9928849678593978e-17
1.9926528986457633e-17
1.9924224480226806e-17
1.992193456668715e-17
1.9919657809619553e-17
1.9917392935655522e-17
1.9915138833558522e-17
1.9912894567858935e-17
1.991065936909214e-17
1.990843263292188e-17
1.990621391688301e-17
1.9904002934904984e-17
1.9901799550119772e-17
1.9899603766660654e-17
1.9897415720513815e-17
1.9895235666232226e-17
1.9893063972196203e-17
1.9890901105040805e-17
1.988874761576041e-17
1.9886604129556267e-17
1.9884471332421412e-17
1.988234995912387e-17
1.9880240781791342e-17
1.987814459725855e-17
1.987606221644888e-17
1.9873994454205276e-17
1.987194211763583e-17
1.9869905997859083e-17
1.9867886861982684e-17
1.9865885445055575e-17
1.986390244349398e-17
1.986193851017961e-17
1.985999425040953e-17
1.9858070212915438e-17
1.9856166892412148e-17
1.9854284724776498e-17
1.9852424086645577e-17
1.985058529475231e-17
1.9848768605291563e-17
1.984697421574345e-17
1.9845202265440942e-17
1.984345283441448e-17
1.9841725949935655e-17
1.9840021587792697e-17
1.983833967445021e-17
1.983668009023233e-17
1.9835042673352946e-17
1.9833427223290246e-17
1.9831833500262732e-17
1.9830261234051053e-17
1.9828710124242127e-17
1.9827179844394736e-17
1.982567004520127e-17
1.9824180356472007e-17
1.9822710390875053e-17
1.9821259745361273e-17
1.9819828003900934e-17
1.9818414739792507e-17
1.981701951736511e-17
1.9815641893303918e-17
1.981428141796701e-17
1.9812937637007223e-17
1.9811610091302843e-17
1.981029831819035e-17
1.980900185259922e-17
1.9807720226509643e-17
1.980645296954845e-17
1.980519960984989e-17
1.980395967332374e-17
1.9802732684015242e-17
1.9801518164853078e-17
1.980031563713154e-17
1.979912462089432e-17
1.9797944635401468e-17
1.9796775199485473e-17
1.979561583201231e-17
1.9794466052986325e-17
1.9793325383745146e-17
1.9792193348221175e-17
1.9791069474705965e-17
1.9789953296331772e-17
1.9788844352777562e-17
1.9787742192761292e-17
1.9786646374537505e-17
1.9785556468614347e-17
1.9784472060466327e-17
1.9783392751325227e-17
1.9782318160964538e-17
1.978124792973635e-17
1.9780181720503794e-17
1.9779119220845168e-17
1.9778060144754573e-17
1.9777004233904423e-17
1.9775951260630745e-17
1.9774901027939083e-17
1.9773853369653492e-17
1.977280815195132e-17
1.977176527332361e-17
1.9770724663489466e-17
1.976968628308496e-17
1.9768650122270003e-17
1.9767616198665305e-17
1.9766584555610105e-17
1.976555525818289e-17
1.9764528389922475e-17
1.976350404940669e-17
1.97624823453781e-17
1.9761463391549205e-17
1.9760447301881302e-17
1.975943418481925e-17
1.9758424136706065e-17
1.9757417236771607e-17
1.975641353916815e-17
1.9755413067554766e-17
1.9754415809085186e-17
1.9753421707182434e-17
1.97524306560938e-17
1.975144249544842e-17
1.975045700413245e-17
1.9749473895846718e-17
1.97484928156522e-17
1.974751333539133e-17
1.974653494845975e-17
1.9745557071857628e-17
1.9744579041952158e-17
1.9743600115534787e-17
1.9742619469659344e-17
1.974163620254459e-17
1.9740649336475317e-17
1.9739657820709637e-17
1.973866053478077e-17
1.9737656295120204e-17
1.9736643858950358e-17
1.973562192996775e-17
1.9734589168029003e-17
1.9733544195422528e-17
1.9732485605179338e-17
1.9731411970372295e-17
1.9730321852439163e-17
1.9729213810695983e-17
1.9728086412675187e-17
1.9726938242594295e-17
1.9725767911566453e-17
1.9724574067402686e-17
1.9723355404417256e-17
1.9722110672588187e-17
1.972083868604339e-17
1.9719538331759864e-17
1.9718208578160893e-17
1.9716848482626816e-17
1.9715457198417266e-17
1.971403398170179e-17
1.9712578197879986e-17
1.9711089323350474e-17
1.9709566958997806e-17
1.9708010827304308e-17
1.9706420777142048e-17
1.9704796787416392e-17
1.9703138968285692e-17
1.9701447563363964e-17
1.9699722950790305e-17
1.969796564248644e-17
1.9696176284337506e-17
1.969435565290175e-17
1.9692504659613466e-17
1.9690624344024342e-17
1.9688715871245143e-17
1.9686780528385863e-17
1.9684819721386024e-17
1.968283497071618e-17
1.9680827905957574e-17
1.967880026088818e-17
1.9676753868315915e-17
1.9674690650271496e-17
1.9672612620644207e-17
1.9670521869349555e-17
1.966842055853401e-17
1.9666310915472864e-17
1.9664195224635672e-17
1.9662075819867155e-17
1.96599550769405e-17
1.9657835405552322e-17
1.9655719239760342e-17
1.9653609032724214e-17
1.9651507245515305e-17
1.9649416339544322e-17
1.964733876899334e-17
1.9645276971579057e-17
1.9643233360722332e-17
1.9641210318119027e-17
1.9639210184538343e-17
1.963723525446358e-17
1.9635287763820008e-17
1.963336988561084e-17
1.963148372218889e-17
1.9629631298545757e-17
1.9627814554862265e-17
1.9626035340186694e-17
1.9624295407036674e-17
1.9622596406257703e-17
1.9620939878826086e-17
1.961932725004826e-17
1.9617759827990906e-17
1.961623879870465e-17
1.9614765221887722e-17
1.961334002705337e-17
1.9611964011053823e-17
1.9610637837967202e-17
1.960936203238135e-17
1.9608136976229814e-17
1.9606962914915165e-17
1.9605839952931773e-17
1.9604768054444498e-17
1.9603747044129526e-17
1.9602776607593557e-17
1.960185629678909e-17
1.9600985522436676e-17
1.9600163562494e-17
1.9599389567374393e-17
1.9598662561366615e-17
1.9597981446261586e-17
1.959734500615082e-17
1.9596751913564325e-17
1.9596200733512295e-17
1.9595689923306736e-17
1.9595217848006902e-17
1.9594782782046206e-17
1.9594382916568106e-17
1.9594016366364896e-17
1.9593681175882248e-17
1.9593375328720167e-17
1.9593096749337436e-17
1.959284331508348e-17
1.9592612863523362e-17
1.959240319882363e-17
1.9592212098675585e-17
1.95920373220597e-17
1.9591876616514778e-17
1.9591727723927167e-17
1.959158838869309e-17
1.959145636469391e-17
1.9591329420216187e-17
1.9591205344554087e-17
1.9591081954459266e-17
1.9590957097389465e-17
1.959082865875951e-17
1.959069456779674e-17
1.959055279860438e-17
1.959040137600867e-17
1.9590238378759003e-17
1.9590061942112572e-17
1.9589870260494625e-17
1.958966158996952e-17
1.9589434253793884e-17
1.9589186638803705e-17
1.9588917199000762e-17
1.9588624455573368e-17
1.9588306997505228e-17
1.958796348263613e-17
1.9587592634203942e-17
1.9587193247568802e-17
1.958676418410275e-17
1.9586304370277026e-17
1.9585812797973558e-17
1.9585288523208263e-17
1.9584730664054014e-17
1.9584138398768122e-17
1.958351096611357e-17
1.9582847664265894e-17
1.958214784614969e-17
1.9581410919511864e-17
1.958063634498149e-17
1.9579823634604456e-17
1.9578972350783693e-17
1.957808210306248e-17
1.957715255053929e-17
1.9576183398854905e-17
1.957517439783522e-17
1.9574125342281086e-17
1.957303607114132e-17
1.9571906466547466e-17
1.9570736454012754e-17
1.9569526001343923e-17
1.9568275121816587e-17
1.9566983871605115e-17
1.9565652350805633e-17
1.956428070415761e-17
1.956286912216977e-17
1.9561417842021953e-17
1.9559927148090165e-17
1.955839737217921e-17
1.955682889913755e-17
1.9555222163875454e-17
1.9553577654512236e-17
1.9551895913413586e-17
1.955017753856201e-17
1.9548423185474714e-17
1.9546633568634725e-17
1.9544809461612415e-17
1.9542951700153055e-17
1.954106118456722e-17
1.953913887777392e-17
1.9537185807988493e-17
1.953520306902337e-17
1.9533191820807575e-17
1.9531153290378713e-17
1.9529088772084464e-17
1.9526999624513094e-17
1.9524887277219477e-17
1.952275322429547e-17
1.952059902439747e-17
1.951842630036122e-17
1.9516236737286762e-17
1.951403208040921e-17
1.9511814133111832e-17
1.950958475435681e-17
1.9507345854138642e-17
1.950509939472572e-17
1.9502847382032213e-17
1.950059186301648e-17
1.9498334921862292e-17
1.9496078674294997e-17
1.9493825262718842e-17
1.9491576851340678e-17
1.9489335619263967e-17
1.948710375536718e-17
1.948488345223095e-17
1.948267689760738e-17
1.9480486269733707e-17
1.9478313729316677e-17
1.9476161412422312e-17
1.9474031423784948e-17
1.9471925829402828e-17
1.9469846648801958e-17
1.9467795848475014e-17
1.9465775336046674e-17
1.9463786947492458e-17
1.946183244643052e-17
1.9459913514772432e-17
1.9458031746320658e-17
1.9456188641254383e-17
1.945438559950706e-17
1.945262391503011e-17
1.9450904771994507e-17
1.9449229239543536e-17
1.9447598267258238e-17
1.9446012678569754e-17
1.9444473171872596e-17
1.944298031624613e-17
1.944153454994833e-17
1.9440136178179596e-17
1.943878537253282e-17
1.943748217128293e-17
1.9436226478918957e-17
1.9435018068050216e-17
1.943385658358403e-17
1.943274153593385e-17
1.9431672314380212e-17
1.9430648186606662e-17
1.9429668303427074e-17
1.9428731704241045e-17
1.942783732220611e-17
1.9426983990175235e-17
1.9426170448064346e-17
1.942539535020801e-17
1.9424657272301777e-17
1.9423954720638746e-17
1.9423286138550323e-17
1.9422649917985685e-17
1.9422044408387963e-17
1.942146792487447e-17
1.9420918759017815e-17
1.9420395188482604e-17
1.9419895486120428e-17
1.9419417930525045e-17
1.9418960815779507e-17
1.94185224600752e-17
1.941810121463769e-17
1.941769547578428e-17
1.9417303689558536e-17
1.9416924362287314e-17
1.941655606684422e-17
1.941619744952402e-17
1.9415847236899942e-17
1.941550424058322e-17
1.941516736185274e-17
1.9414835596235742e-17
1.9414508035357057e-17
1.9414183869523147e-17
1.941386238754354e-17
1.9413542981008918e-17
1.9413225139101458e-17
1.941290844895576e-17
1.9412592591593983e-17
1.9412277340019095e-17
1.9411962554195935e-17
1.94116481756021e-17
1.9411334222247024e-17
1.9411020781718373e-17
1.9410708003538547e-17
1.941039609287844e-17
1.9410085300973825e-17
1.9409775918056185e-17
1.9409468264573133e-17
1.940916268108705e-17
1.9408859519802324e-17
1.940855913664113e-17
1.940826188098697e-17
1.9407968087712197e-17
1.9407678069242078e-17
1.9407392106451496e-17
1.9407110441673878e-17
1.940683327183333e-17
1.940656074116288e-17
1.9406292935134673e-17
1.940602987445343e-17
1.9405771511202277e-17
1.9405517724813676e-17
1.940526831827686e-17
1.9405023015209874e-17
1.9404781458455786e-17
1.940454320863694e-17
1.9404307742986726e-17
1.9404074456784737e-17
1.9403842664580578e-17
1.9403611597011973e-17
1.940338040825585e-17
1.9403148175727912e-17
1.9402913904895317e-17
1.9402676532024784e-17
1.9402434927906942e-17
1.940218790293366e-17
1.9401934211727768e-17
1.9401672557796645e-17
1.9401401599835895e-17
1.940111995538035e-17
1.9400826207682315e-17
1.9400518912480834e-17
1.940019660300146e-17
1.9399857795776188e-17
1.939950099728315e-17
1.939912470967582e-17
1.9398727435993684e-17
1.9398307687528854e-17
1.9397863988429422e-17
1.9397394882460923e-17
1.939689893830557e-17
1.9396374754795216e-17
1.9395820966198256e-17
1.9395236247867456e-17
1.939461932102378e-17
1.93939689568841e-17
1.9393283981559574e-17
1.939256328236343e-17
1.939180581054898e-17
1.9391010585605586e-17
1.9390176698299855e-17
1.9389303315178844e-17
1.938838968195847e-17
1.9387435125985418e-17
1.9386439059933e-17
1.9385400982573994e-17
1.9384320485530725e-17
1.9383197252453017e-17
1.9382031061114456e-17
1.9380821784505507e-17
1.9379569393107002e-17
1.9378273955933353e-17
1.937693564051466e-17
1.937555471394867e-17
1.937413154221555e-17
1.9372666590401355e-17
1.9371160425425067e-17
1.9369613709771175e-17
1.9368027202337406e-17
1.9366401757192858e-17
1.93647383211241e-17
1.9363037931224565e-17
1.936130171251916e-17
1.935953087460008e-17
1.9357726707587428e-17
1.935589058042733e-17
1.9354023936413375e-17
1.935212828683923e-17
1.9350205208275817e-17
1.934825633659862e-17
1.93462833627228e-17
1.9344288027495154e-17
1.934227211562354e-17
1.9340237450858703e-17
1.9338185890718653e-17
1.9336119319668115e-17
1.933403964535222e-17
1.933194879204536e-17
1.932984869495048e-17
1.9327741295771436e-17
1.9325628537119465e-17
1.9323512357380307e-17
1.9321394686553888e-17
1.9319277441448913e-17
1.9317162521043196e-17
1.9315051803664195e-17
1.9312947142019885e-17
1.9310850360279367e-17
1.9308763250130747e-17
1.9306687568329336e-17
1.9304625033490338e-17
1.9302577323282642e-17
1.9300546071665815e-17
1.9298532866343497e-17
1.929653924586192e-17
1.9294566696370893e-17
1.9292616650348517e-17
1.9290690481578028e-17
1.9288789500337192e-17
1.9286914953598708e-17
1.9285068019240847e-17
1.928324980202297e-17
1.9281461330058074e-17
1.9279703551087894e-17
1.927797733060487e-17
1.9276283437036402e-17
1.9274622548651178e-17
1.9272995246638028e-17
1.9271402012544956e-17
1.9269843230999225e-17
1.9268319177999887e-17
1.9266830018939177e-17
1.9265375819528795e-17
1.926395654460546e-17
1.926257206765203e-17
1.9261222141004732e-17
1.9259906435520048e-17
1.9258624542560588e-17
1.92573759665122e-17
1.9256160123797303e-17
1.925497637819598e-17
1.9253824036300663e-17
1.925270233049294e-17
1.9251610468943174e-17
1.9250547617055426e-17
1.924951290128178e-17
1.9248505441064427e-17
1.9247524325697618e-17
1.92465686444211e-17
1.9245637476595607e-17
1.9244729910140948e-17
1.9243845026206866e-17
1.92429819364153e-17
1.924213973940744e-17
1.924131758278212e-17
1.924051459588772e-17
1.9239729973535425e-17
1.9238962881226703e-17
1.9238212573280994e-17
1.9237478248098318e-17
1.923675922451764e-17
1.9236054752453566e-17
1.9235364192645128e-17
1.9234686871261558e-17
1.923402216666145e-17
1.923336950356017e-17
1.9232728254370004e-17
1.9232097933296426e-17
1.9231477970232598e-17
1.923086787828415e-17
1.9230267210230202e-17
1.9229675433978016e-17
1.9229092184855323e-17
1.9228517036685842e-17
1.922794954097826e-17
1.9227389388071985e-17
1.9226836195598118e-17
1.9226289581959334e-17
1.9225749283296878e-17
1.9225214970865776e-17
1.922468629965504e-17
1.922416305496716e-17
1.922364496821319e-17
1.922313170375325e-17
1.9222623096607577e-17
1.9222118919434977e-17
1.922161890182588e-17
1.9221122848289873e-17
1.9220630594759783e-17
1.9220141946797026e-17
1.9219656649845654e-17
1.9219174605479727e-17
1.9218695652572277e-17
1.9218219612002395e-17
1.921774629855477e-17
1.9217275625888647e-17
1.9216807460170536e-17
1.921634164796415e-17
1.9215878036919354e-17
1.9215416560285883e-17
1.921495710775953e-17
1.9214499561336384e-17
1.9214043768282925e-17
1.921358968951541e-17
1.921313723483088e-17
1.9212686314026378e-17
1.9212236795828724e-17
1.9211788625916158e-17
1.9211341747182064e-17
1.9210896086432712e-17
1.918306613950693e-17
1.9154365515113765e-17
1.912450796486494e-17
1.9093931834191122e-17
1.9063037054191373e-17
1.9032123760134445e-17
1.900140935334509e-17
1.89710501895819e-17
1.8941158455660296e-17
1.891181437171919e-17
1.8883074683753033e-17
1.8854978875894374e-17
1.88275535641428e-17
1.8800815676313568e-17
1.8774774833554455e-17
1.8749435187772632e-17
1.8724796669647262e-17
1.8700856065731273e-17
1.8677607759469696e-17
1.865504437460601e-17
1.8633157175565747e-17
1.8611936487842726e-17
1.859137195464347e-17
1.8571452741552188e-17
1.8552167730137484e-17
1.8533505639639243e-17
1.8515455129901188e-17
1.8498004879146275e-17
1.8481143646497567e-17
1.8464860314764187e-17
1.8449143922228966e-17
1.843398368608587e-17
1.8419369016490315e-17
1.840528952541586e-17
1.8391735029924366e-17
1.837869555081301e-17
1.8366161309237132e-17
1.8354122718464935e-17
1.8342570375978225e-17
1.8331495051985785e-17
1.8320887676809254e-17
1.8310739328256295e-17
1.8301041216791803e-17
1.8291784670378338e-17
1.8282961119816813e-17
1.8274562082116217e-17
1.826657914489227e-17
1.8259003950877772e-17
1.8251828180841335e-17
1.824504353849587e-17
1.823864173489634e-17
1.8232614472052926e-17
1.8226953430122812e-17
1.8221650251622537e-17
1.8216696526520717e-17
1.8212083781394253e-17
1.8207803465693484e-17
1.8203846940745233e-17
1.82002054699123e-17
1.819687020829287e-17
1.8193832195183502e-17
1.819108234742671e-17
1.8188611453152893e-17
1.818641016849199e-17
1.818446901503901e-17
1.8182778377838464e-17
1.8181328510186604e-17
1.818010952791961e-17
1.8179111421414997e-17
1.8178324059737665e-17
1.8177737198225893e-17
1.817734048867163e-17
1.8177123491372307e-17
1.8177075688665876e-17
1.8177186500726757e-17
1.817744530285758e-17
1.8177841444052807e-17
1.8178364268092407e-17
1.8179003135679606e-17
1.8179747446796866e-17
1.818058666685927e-17
1.8181510349677427e-17
1.8182508168161645e-17
1.8183569938425864e-17
1.8184685647548928e-17
1.8185845481726982e-17
1.8187039853929664e-17
1.8188259431257494e-17
1.818949516245986e-17
1.8190738303911255e-17
1.8191980445077425e-17
1.8193213532986165e-17
1.8194429895565392e-17
1.8195622263015665e-17
1.8196783787278412e-17
1.8197908060346106e-17
1.819898913022014e-17
1.8200021514862025e-17
1.8201000212843686e-17
1.8201920713216982e-17
1.8202779001789475e-17
1.820357156513034e-17
1.8204295392629806e-17
1.8204947974515632e-17
1.8205527296419297e-17
1.8206031839716967e-17
1.8206460567568575e-17
1.8206812913838904e-17
1.8207088770484254e-17
1.8207288471961397e-17
1.820741277769578e-17
1.820746285163595e-17
1.8207440240997136e-17
1.8207346853087648e-17
1.8207184930349103e-17
1.8206957024911737e-17
1.8206665970953742e-17
1.8206314856897863e-17
1.8205906996936986e-17
1.8205445902250944e-17
1.8204935251459096e-17
1.8204378861277957e-17
1.8203780657604964e-17
1.8203144646978757e-17
1.8202474888486363e-17
1.8201775466126732e-17
1.8201050462766463e-17
1.820030393490063e-17
1.81995398887616e-17
1.8198762257962763e-17
1.8197974881926526e-17
1.819718148705124e-17
1.8196385668843767e-17
1.819559087649114e-17
1.819480039811431e-17
1.8194017349049177e-17
1.8193244662407087e-17
1.8192485078518693e-17
1.8191741139667643e-17
1.8191015185381603e-17
1.8190309349413447e-17
1.8189625558229657e-17
1.8188965531948264e-17
1.8188330785379694e-17
1.8187722631764786e-17
1.8187142187211766e-17
1.8186590377113098e-17
1.818606794258255e-17
1.818557544849077e-17
1.8185113292639692e-17
1.818468171509521e-17
1.8184280808785624e-17
1.818391053032355e-17
1.8183570710799906e-17
1.818326106777107e-17
1.8182981216935323e-17
1.818273068426903e-17
1.818250891735984e-17
1.8182315297712056e-17
1.8182149152523437e-17
1.8182009765556473e-17
1.818189638896944e-17
1.818180825402344e-17
1.81817445815807e-17
1.8181704591929626e-17
1.8181687514648856e-17
1.8181692597220778e-17
1.818171911349868e-17
1.8181766371480336e-17
1.81818337208539e-17
1.8181920559279853e-17
1.8182026338050986e-17
1.8182150567672164e-17
1.818229282222032e-17
1.8182452743541674e-17
1.818263004369494e-17
1.8182824507959147e-17
1.818303599644235e-17
1.8183264444343858e-17
1.8183509864468575e-17
1.8183772345019535e-17
1.8184052048844533e-17
1.818434921205443e-17
1.8184664141957092e-17
1.818499721350172e-17
1.8185348866156504e-17
1.8185719599498344e-17
1.818610996900694e-17
1.8186520580504104e-17
1.8186952084237513e-17
1.8187405169060095e-17
1.8187880555745586e-17
1.8188378990178704e-17
1.818890123607023e-17
1.81894480671107e-17
1.8190020259600595e-17
1.8190618584524446e-17
1.8191243799873192e-17
1.8191896642028562e-17
1.8192577818420223e-17
1.819328799940174e-17
1.819402781134991e-17
1.8194797828480663e-17
1.819559856648184e-17
1.8196430475262744e-17
1.819729393319641e-17
1.819818924219448e-17
1.8199116621604597e-17
1.8200076204472998e-17
1.8201068033509703e-17
1.820209205898419e-17
1.8203148135586793e-17
1.82042360213466e-17
1.8205355377185844e-17
1.820650576749152e-17
1.8207686660688443e-17
1.8208897431138362e-17
1.8210137362239526e-17
1.821140564951164e-17
1.8212701405238488e-17
1.8214023662945696e-17
1.82153713829851e-17
1.8216743458638487e-17
1.821813872309343e-17
1.8219555956045433e-17
1.8220993891070634e-17
1.822245122335372e-17
1.8223926617753015e-17
1.822541871642572e-17
1.8226926146661725e-17
1.8228447528815004e-17
1.8229981483698576e-17
1.8231526640349615e-17
1.8233081642625886e-17
1.823464515550062e-17
1.823621587126628e-17
1.823779251508728e-17
1.8239373849533896e-17
1.8240958678278623e-17
1.8242545849670944e-17
1.8244134258941674e-17
1.8245722850126318e-17
1.8247310616635043e-17
1.8248896600842075e-17
1.8250479893418514e-17
1.8252059631668924e-17
1.8253634997002556e-17
1.8255205210939006e-17
1.8256769531619473e-17
1.8258327248917088e-17
1.8259877679264848e-17
1.8261420159201067e-17
1.8262954039495705e-17
1.8264478678173223e-17
1.8265993433817526e-17
1.8267497658344382e-17
1.826899068928161e-17
1.827047184303575e-17
1.8271940407681838e-17
1.8273395636264913e-17
1.8274836739726715e-17
1.827626288126477e-17
1.8277673170651638e-17
1.8279066659458767e-17
1.8280442336224968e-17
1.8281799123573018e-17
1.8283135875129517e-17
1.828445137408441e-17
1.8285744332574046e-17
1.8287013391141765e-17
1.8288257120647736e-17
1.8289474024234283e-17
1.829066254103103e-17
1.8291821049659876e-17
1.8292947874274132e-17
1.8294041290593377e-17
1.8295099533493684e-17
1.8296120804446327e-17
1.829710328105045e-17
1.829804512652339e-17
1.829894449992415e-17
1.8299799567609763e-17
1.8300608513834173e-17
1.8301369552812936e-17
1.83020809408648e-17
1.8302740988719897e-17
1.8303348073034997e-17
1.8303900648948517e-17
1.8304397261796072e-17
1.8304836559213656e-17
1.8305217301311308e-17
1.8305538371974567e-17
1.8305798788660526e-17
1.8305997711631685e-17
1.8306134452889594e-17
1.8306208482891516e-17
1.8306219437738757e-17
1.830616712471323e-17
1.8306051527135222e-17
1.8305872807219364e-17
1.830563130876542e-17
1.8305327558348274e-17
1.8304962265747122e-17
1.830453632213781e-17
1.8304050798559353e-17
1.830350694233887e-17
1.830290617277364e-17
1.830225007638805e-17
1.8301540399823774e-17
1.830077904313635e-17
1.829996805164126e-17
1.8299109607924494e-17
1.829820602128519e-17
1.829725971861907e-17
1.829627323362017e-17
1.8295249196427127e-17
1.8294190321685232e-17
1.8293099397689547e-17
1.8291979274860892e-17
1.8290832853686892e-17
1.8289663074274773e-17
1.8288472903568982e-17
1.8287265325104238e-17
1.8286043327564712e-17
1.8284809895001006e-17
1.8283567995467535e-17
1.8282320572188776e-17
1.8281070534134292e-17
1.827982074713135e-17
1.8278574026643402e-17
1.8277333129329818e-17
1.827610074704563e-17
1.8274879500384007e-17
1.827367193411867e-17
1.8272480511341173e-17
1.8271307610514225e-17
1.8270155521449855e-17
1.826902644391729e-17
1.8267922484056508e-17
1.826684565427373e-17
1.8265797872030887e-17
1.826478095967476e-17
1.8263796645439585e-17
1.82628465630388e-17
1.826193225395502e-17
1.8261055168298184e-17
1.8260216667656682e-17
1.8259418026074312e-17
1.8258660433217508e-17
1.8257944996325178e-17
1.8257272743457295e-17
1.8256644625174445e-17
1.8256061517423616e-17
1.8255524223944194e-17
1.8255033478149682e-17
1.8254589945667883e-17
1.8254194225273698e-17
1.825384685054463e-17
1.8253548290758525e-17
1.8253298951953878e-17
1.825309917610239e-17
1.825294924139025e-17
1.8252849361175354e-17
1.825279968324597e-17
1.8252800287160742e-17
1.8252851182562755e-17
1.8252952306411314e-17
1.8253103519758474e-17
1.8253304604877788e-17
1.825355526045467e-17
1.8253855098360435e-17
1.8254203638678278e-17
1.8254600306349385e-17
1.825504442556628e-17
1.8255535215853772e-17
1.82560717875919e-17
1.8256653138565198e-17
1.825727814918457e-17
1.8257945579807847e-17
1.825865406769698e-17
1.8259402124740947e-17
1.8260188136535192e-17
1.8261010360826818e-17
1.826186692840711e-17
1.8262755843918894e-17
1.8263674989006078e-17
1.8264622124668566e-17
1.826559489642085e-17
1.8266590840050336e-17
1.8267607389094882e-17
1.8268641882566224e-17
1.826969157488259e-17
1.8270753646711264e-17
1.8271825216912815e-17
1.827290335628639e-17
1.8273985101119515e-17
1.827506746891877e-17
1.8276147474380764e-17
1.8277222146994965e-17
1.827828854807344e-17
1.8279343789003175e-17
1.8280385049789498e-17
1.8281409598490236e-17
1.8282414809003196e-17
1.8283398180074502e-17
1.8284357353807363e-17
1.8285290132962528e-17
1.828619449892571e-17
1.828706862679763e-17
1.828791090135545e-17
1.8288719930423482e-17
1.8289494558348964e-17
1.8290233875955124e-17
1.8290937230406328e-17
1.8291604232776565e-17
1.8292234763864298e-17
1.8292828977700035e-17
1.8293387302973528e-17
1.8293910442992322e-17
1.829439937283108e-17
1.8294855334969583e-17
1.829527983209529e-17
1.8295674618137268e-17
1.829604168746222e-17
1.8296383262418908e-17
1.8296701777821164e-17
1.829699986477131e-17
1.8297280332618917e-17
1.8297546149206728e-17
1.8297800420440424e-17
1.829804636775849e-17
1.8298287305279266e-17
1.829852661619983e-17
1.8298767728902906e-17
1.8299014091825333e-17
1.8299269148800386e-17
1.8299536314535456e-17
1.829981895067549e-17
1.8300120341154974e-17
1.8300443669285737e-17
1.8300791995530457e-17
1.8301168236123756e-17
1.830157514329843e-17
1.8302015286109633e-17
1.8302491033578502e-17
1.830300453914438e-17
1.8303557727343467e-17
1.8304152281478837e-17
1.8304789634023064e-17
1.830547095869275e-17
1.8306197165253986e-17
1.8306968895470156e-17
1.8307786521482425e-17
1.8308650147061112e-17
1.830955960985861e-17
1.831051448698098e-17
1.8311514101258687e-17
1.8312557530330615e-17
1.8313643617181174e-17
1.831477098335262e-17
1.8315938042330146e-17
1.8317143015439877e-17
1.8318383949046714e-17
1.831965873326633e-17
1.832096512088074e-17
1.8322300747912984e-17
1.8323663155106123e-17
1.8325049809296473e-17
1.8326458126251568e-17
1.8327885492643844e-17
1.832932928880207e-17
1.8330786911043194e-17
1.8332255794456996e-17
1.833373343407767e-17
1.8335217406288074e-17
1.833670538900805e-17
1.8338195181728276e-17
1.8339684723415186e-17
1.83411721098711e-17
1.834265560977164e-17
1.834413367890965e-17
1.8345604973650734e-17
1.834706836171836e-17
1.8348522932144555e-17
1.8349968002989702e-17
1.835140312794724e-17
1.8352828100207936e-17
1.835424295499269e-17
1.8355647970157502e-17
1.8357043665665777e-17
1.835843080001965e-17
1.8359810365752457e-17
1.836118358324869e-17
1.836255189274281e-17
1.836391694517589e-17
1.8365280591080903e-17
1.836664486847603e-17
1.8368011989579298e-17
1.836938432670981e-17
1.837076439671564e-17
1.837215484482968e-17
1.837355842794622e-17
1.8374977997862567e-17
1.8376416483209788e-17
1.8377876871613802e-17
1.837936219202559e-17
1.8380875496839256e-17
1.838241984471695e-17
1.8383998282882733e-17
1.8385613830490525e-17
1.8387269462502926e-17
1.8388968094652545e-17
1.8390712568346995e-17
1.839250563698041e-17
1.839434995336609e-17
1.839624805777513e-17
1.8398202367674488e-17
1.8400215167897287e-17
1.8402288602075193e-17
1.8404424665550314e-17
1.840662519983729e-17
1.8408891887030834e-17
1.8411226246004165e-17
1.841362962979713e-17
1.841610322435976e-17
1.8418648047095153e-17
1.8421264947288924e-17
1.8423954607176804e-17
1.8426717543402548e-17
1.8429554109985357e-17
1.8432464500689157e-17
1.8435448752524448e-17
1.843850674967174e-17
1.8441638227900805e-17
1.8444842778500804e-17
1.84481198526539e-17
1.8451468766033318e-17
1.8454888703668508e-17
1.8458378723703403e-17
1.8461937761703827e-17
1.8465564634874724e-17
1.8469258045444637e-17
1.8473016584706318e-17
1.8476838735749397e-17
1.8480722876247738e-17
1.8484667281275598e-17
1.848867012591493e-17
1.849272948701052e-17
1.849684334503051e-17
1.8501009585950745e-17
1.8505226003317057e-17
1.8509490299483416e-17
1.8513800087317403e-17
1.8518152892393047e-17
1.8522546154855946e-17
1.8526977232307547e-17
1.853144340223207e-17
1.8535941865395337e-17
1.8540469749886285e-17
1.8545024116053092e-17
1.854960196158323e-17
1.8554200227684947e-17
1.85588158063431e-17
1.856344554879103e-17
1.85680862743127e-17
1.8572734780304635e-17
1.857738785382844e-17
1.858204228372764e-17
1.8586694874499777e-17
1.8591342460373534e-17
1.8595981920701364e-17
1.86006101965485e-17
1.860522430828522e-17
1.8609821373382077e-17
1.8614398625002446e-17
1.8618953431490022e-17
1.8623483316455352e-17
1.8627985978178317e-17
1.8632459309641504e-17
1.8636901418742706e-17
1.8641310647384117e-17
1.8645685590984964e-17
1.8650025116319904e-17
1.8654328378567362e-17
1.8658594837397542e-17
1.8662824271670898e-17
1.8667016791844188e-17
1.8671172850549826e-17
1.8675293251180098e-17
1.8679379154306427e-17
1.8683432080676623e-17
1.8687453911517626e-17
1.8691446886369892e-17
1.8695413596952708e-17
1.869935697832953e-17
1.8703280295885932e-17
1.870718712888771e-17
1.8711081350647302e-17
1.871496710507602e-17
1.8718848778986765e-17
1.8722730970932055e-17
1.8726618456954623e-17
1.8730516152138185e-17
1.8734429069887234e-17
1.8738362277274062e-17
1.8742320847584964e-17
1.8746309810960637e-17
1.8750334102830823e-17
1.8754398510077924e-17
1.875850761592644e-17
1.8762665744216437e-17
1.8766876903373548e-17
1.8771144730087175e-17
1.8775472433455295e-17
1.8779862741055084e-17
1.8784317846011704e-17
1.8788839357124707e-17
1.879342825136655e-17
1.8798084829778236e-17
1.8802808677951615e-17
1.880759863119773e-17
1.8812452744322406e-17
1.881736826705688e-17
1.8822341626045717e-17
1.8827368413443386e-17
1.883244338189971e-17
1.8837560446485406e-17
1.8842712694982984e-17
1.884789240496457e-17
1.8853091069115133e-17
1.8858299427862233e-17
1.8863507509409388e-17
1.8868704677844162e-17
1.8873879688680724e-17
1.887902075067075e-17
1.888411559427352e-17
1.8889151546814104e-17
1.8894115613075824e-17
1.889899456047649e-17
1.8903775008398353e-17
1.8908443521822447e-17
1.891298670691396e-17
1.8917391309060437e-17
1.8921644311473747e-17
1.8925733033754118e-17
1.8929645230051875e-17
1.8933369185523925e-17
1.8936893809639586e-17
1.894020872561711e-17
1.894330435607206e-17
1.8946172003215215e-17
1.8948803922343377e-17
1.8951193388396677e-17
1.895333475562518e-17
1.895522350833319e-17
1.8956856303483148e-17
1.8958231003616782e-17
1.895934670020497e-17
1.8960203727802068e-17
1.8960803668172827e-17
1.896114934419606e-17
1.896124480376133e-17
1.8961095294569836e-17
1.8960707229398865e-17
1.8960088141934604e-17
1.895924663384475e-17
1.8958192314541762e-17
1.895693573268572e-17
1.895548830152612e-17
1.895386221767369e-17
1.89520703744093e-17
1.8950126271154307e-17
1.8948043919102657e-17
1.8945837743946403e-17
1.8943522486377e-17
1.8941113102327878e-17
1.8938624662912115e-17
1.893607225478873e-17
1.893347088200674e-17
1.893083537078367e-17
1.8928180276765172e-17
1.8925519796703987e-17
1.8922867684113275e-17
1.8920237169767863e-17
1.8917640888390053e-17
1.8915090811169298e-17
1.891259818452191e-17
1.8910173475339027e-17
1.8907826323855107e-17
1.8905565503480103e-17
1.8903398887870294e-17
1.890133342494703e-17
1.8899375119031442e-17
1.8897529019628812e-17
1.88957992178479e-17
1.8894188849437672e-17
1.8892700104158588e-17
1.889133424224503e-17
1.889009161688551e-17
1.8888971702099806e-17
1.8887973125628046e-17
1.888709370754237e-17
1.8886330502637818e-17
1.888567984720843e-17
1.8885137409050005e-17
1.888469824004863e-17
1.8884356832054837e-17
1.8884107174430542e-17
1.8883942813012633e-17
1.8883856909766924e-17
1.8883842303552806e-17
1.8883891570964764e-17
1.888399708658656e-17
1.8884151082010156e-17
1.888434570483527e-17
1.8884573075252574e-17
1.8884825341422188e-17
1.8885094732377412e-17
1.888537360817392e-17
1.8885654508188348e-17
1.88859301963543e-17
1.888619370322285e-17
1.8886438364532188e-17
1.8886657857328338e-17
1.8886846232437563e-17
1.8886997943452406e-17
1.888710787199392e-17
1.888717135038004e-17
1.8887184180336898e-17
1.8887142648677376e-17
1.8887043539656156e-17
1.888688414364666e-17
1.8886662263400317e-17
1.8886376217281787e-17
1.8886024839310384e-17
1.888560747613757e-17
1.888512398210482e-17
1.8884574711550332e-17
1.888396050861618e-17
1.8883282694369332e-17
1.888254305266372e-17
1.888174381332912e-17
1.888088763393637e-17
1.8879977579561308e-17
1.8879017100482855e-17
1.8878010009067428e-17
1.887696045518615e-17
1.8875872900173285e-17
1.8874752089078392e-17
1.8873603022800953e-17
1.8872430929100948e-17
1.8871241232697523e-17
1.887003952415478e-17
1.8868831529431964e-17
1.8867623078141066e-17
1.886642007218058e-17
1.8865228454108004e-17
1.886405417506112e-17
1.8862903163830567e-17
1.8861781296136813e-17
1.8860694364356342e-17
1.8859648047583932e-17
1.8858647883516223e-17
1.8857699241088545e-17
1.8856807294485724e-17
1.8855976998074094e-17
1.88552130638135e-17
1.8854519939814064e-17
1.8853901791336128e-17
1.88533624834214e-17
1.885290556537464e-17
1.885253425826479e-17
1.8852251444422436e-17
1.8852059659243732e-17
1.885196108491114e-17
1.885195754737418e-17
1.885205051541761e-17
1.8852241102057282e-17
1.885253006764695e-17
1.8852917826232197e-17
1.8853404453266044e-17
1.8853989695727595e-17
1.8854672983908582e-17
1.8855453444352045e-17
1.885632991513742e-17
1.8857300962189435e-17
1.8858364896574587e-17
1.885951979213359e-17
1.8860763504910427e-17
1.886209369201767e-17
1.8863507831561157e-17
1.8865003242092863e-17
1.886657710137961e-17
1.886822646589565e-17
1.886994828913655e-17
1.887173943933658e-17
1.887359671563331e-17
1.8875516864192104e-17
1.8877496592708358e-17
1.887953258385632e-17
1.8881621506535325e-17
1.8883760027102748e-17
1.888594481805434e-17
1.8888172566153878e-17
1.8890439978675147e-17
1.889274378784397e-17
1.889508075490853e-17
1.889744767244708e-17
1.8899841365726065e-17
1.8902258692376727e-17
1.8904696541993085e-17
1.8907151834562343e-17
1.8909621518399408e-17
1.891210256681504e-17
1.8914591975580833e-17
1.891708675920523e-17
1.8919583947879397e-17
1.8922080584244872e-17
1.8924573719670283e-17
1.892706041195441e-17
1.8929537723223884e-17
1.8932002718310372e-17
1.8934452463216833e-17
1.8936884025492445e-17
1.893929447491729e-17
1.894168088534857e-17
1.894404033670287e-17
1.894636991915502e-17
1.8948666737562932e-17
1.895092791727234e-17
1.895315061089013e-17
1.8955332005322262e-17
1.8957469330657288e-17
1.895955986955144e-17
1.8961600967506823e-17
1.8963590042953022e-17
1.89655245991155e-17
1.8967402235811148e-17
1.896922066179159e-17
1.8970977706571717e-17
1.8972671333468642e-17
1.8974299652011212e-17
1.8975860930443117e-17
1.8977353608117032e-17
1.897877630676542e-17
1.8980127842224532e-17
1.8981407235257505e-17
1.8982613721848402e-17
1.8983746761824504e-17
1.898480604771662e-17
1.8985791512267493e-17
1.898670333499994e-17
1.8987541946793868e-17
1.8988308034718288e-17
1.8989002544612e-17
1.898962668289864e-17
1.8990181917151176e-17
1.8990669974490017e-17
1.899109283981157e-17
1.8991452752126412e-17
1.8991752199767234e-17
1.899199391355843e-17
1.8992180859627682e-17
1.899231623052062e-17
1.8992403435283754e-17
1.8992446087480215e-17
1.8992447993271616e-17
1.89924131375066e-17
1.899234566918942e-17
1.8992249886067664e-17
1.8992130217428958e-17
1.8991991207167377e-17
1.8991837495705152e-17
1.8991673801369142e-17
1.899150490058118e-17
1.8991335608578262e-17
1.8991170759412934e-17
1.8991015186046784e-17
1.8990873699378282e-17
1.8990751068826388e-17
1.8990652002036907e-17
1.8990581125468447e-17
1.8990542965632285e-17
1.89905419298483e-17
1.8990582289050294e-17
1.899066816098855e-17
1.8990803494530993e-17
1.8990992054346163e-17
1.899123740795706e-17
1.899154291328844e-17
1.899191170803736e-17
1.899234670047328e-17
1.8992850560941277e-17
1.8993425715962843e-17
1.899407434343286e-17
1.8994798369436804e-17
1.899559946575912e-17
1.8996479049928336e-17
1.899743828605221e-17
1.8998478087217677e-17
1.899959911804662e-17
1.900080179955402e-17
1.9002086313933048e-17
1.9003452610471984e-17
1.900490041208936e-17
1.9006429221256897e-17
1.900803832719273e-17
1.9009726812587143e-17
1.901149356034471e-17
1.9013337259004152e-17
1.901525640889341e-17
1.901724932698501e-17
1.901931415140483e-17
1.9021448843837362e-17
1.9023651192751284e-17
1.9025918814361648e-17
1.9028249153223058e-17
1.903063948206226e-17
1.903308689974781e-17
1.9035588329657913e-17
1.9038140516907816e-17
1.9040740025545282e-17
1.904338323434725e-17
1.904606633399678e-17
1.904878532381888e-17
1.905153600936438e-17
1.905431399975326e-17
1.9057114707450647e-17
1.9059933348474845e-17
1.906276494460783e-17
1.9065604327633035e-17
1.906844614458243e-17
1.9071284866782126e-17
1.9074114800635294e-17
1.907693010134159e-17
1.9079724788566854e-17
1.9082492765881366e-17
1.9085227842619423e-17
1.9087923758607736e-17
1.909057421060826e-17
1.909317288256983e-17
1.9095713477028556e-17
1.9098189749102488e-17
1.9100595542073838e-17
1.9102924823267524e-17
1.9105171722172372e-17
1.9107330568219543e-17
1.9109395929074798e-17
1.9111362647373415e-17
1.9113225877783904e-17
1.9114981122093104e-17
1.9116624262742367e-17
1.911815159311662e-17
1.9119559846410568e-17
1.9120846220705282e-17
1.9122008400803847e-17
1.9123044576807383e-17
1.912395345757348e-17
1.9124734281585672e-17
1.9125386822908572e-17
1.9125911393341914e-17
1.9126308839492884e-17
1.9126580536903134e-17
1.9126728379576455e-17
1.9126754766295715e-17
1.912666258230232e-17
1.9126455179091485e-17
1.9126136350582053e-17
1.9125710307004645e-17
1.9125181646974468e-17
1.9124555326817883e-17
1.9123836629799908e-17
1.9123031134010052e-17
1.912214468000333e-17
1.9121183337493197e-17
1.912015337364232e-17
1.911906122117727e-17
1.91179134478282e-17
1.9116716727223022e-17
1.9115477810265706e-17
1.911420349951609e-17
1.9112900624702198e-17
1.9111576020578326e-17
1.911023650582705e-17
1.9108888865129794e-17
1.910753983260106e-17
1.9106196077507765e-17
1.9104864190683852e-17
1.910355067394218e-17
1.910226192997355e-17
1.9101004253853743e-17
1.9099783825706316e-17
1.9098606703121858e-17
1.9097478815304044e-17
1.9096405956773775e-17
1.9095393781588162e-17
1.909444779610079e-17
1.9093573352571164e-17
1.909277564148109e-17
1.9092059683386878e-17
1.9091430318544416e-17
1.9090892196813476e-17
1.9090449765400198e-17
1.9090107255542028e-17
1.9089868668169546e-17
1.908973775704895e-17
1.9089718011905315e-17
1.9089812639751044e-17
1.90900245454507e-17
1.9090356310424674e-17
1.9090810171734765e-17
1.9091388000078273e-17
1.909209127796463e-17
1.9092921076786366e-17
1.9093878035504054e-17
1.9094962339154854e-17
1.909617369853623e-17
1.909751133143335e-17
1.9098973944282428e-17
1.9100559717059034e-17
1.9102266289741272e-17
1.9104090751757256e-17
1.9106029633056836e-17
1.9108078899745316e-17
1.9110233952203624e-17
1.9112489627481132e-17
1.9114840204153108e-17
1.9117279412692415e-17
1.911980044891092e-17
1.9122395992013617e-17
1.9125058227456245e-17
1.912777887250456e-17
1.9130549207918572e-17
1.9133360113214758e-17
1.9136202106579374e-17
1.913906538775038e-17
1.914193988659227e-17
1.9144815314412295e-17
1.9147681219887274e-17
1.9150527046908126e-17
1.9153342197197458e-17
1.9156116094691637e-17
1.915883825280946e-17
1.9161498344031613e-17
1.916408626979777e-17
1.916659223308952e-17
1.9169006810654874e-17
1.9171321025891203e-17
1.9173526419959403e-17
1.917561512289062e-17
1.9177579922221155e-17
1.9179414329441827e-17
1.918111264192679e-17
1.9182670002187013e-17
1.918408245151751e-17
1.9185346978227962e-17
1.9186461560011957e-17
1.91874251979436e-17
1.918823794441855e-17
1.918890092181337e-17
1.9189416332984174e-17
1.9189787461040738e-17
1.9190018660955837e-17
1.9190115340202426e-17
1.9190083929811667e-17
1.9189931843805044e-17
1.9189667430018974e-17
1.9189299909854828e-17
1.9188839308625856e-17
1.918829637719764e-17
1.9187682503625067e-17
1.918700961853833e-17
1.9186290092808024e-17
1.9185536629870296e-17
1.9184762151949158e-17
1.9183979684340112e-17
1.9183202236400607e-17
1.918244268191418e-17
1.9181713640325917e-17
1.918102735856511e-17
1.9180395597586887e-17
1.9179829522767272e-17
1.9179339600849836e-17
1.9178935502902425e-17
1.9178626017001725e-17
1.9178418969642523e-17
1.9178321158057323e-17
1.9178338292469237e-17
1.9178474951643102e-17
1.9178734549719524e-17
1.917911931620675e-17
1.917963028874556e-17
1.918026731780414e-17
1.9181029085139036e-17
1.918191313393828e-17
1.918291591139839e-17
1.918403282119463e-17
1.9185258287982247e-17
1.9186585830815393e-17
1.9188008145868713e-17
1.9189517195545097e-17
1.9191104305816558e-17
1.9192760268089664e-17
1.919447544558757e-17
1.9196239883183436e-17
1.9198043417728357e-17
1.919987579058567e-17
1.9201726758476508e-17
1.920358620334602e-17
1.920544423763358e-17
1.920729130704853e-17
1.9209118287216405e-17
1.921091657471271e-17
1.9212678169472136e-17
1.9214395750757105e-17
1.921606274326897e-17
1.921767337384545e-17
1.921922271853542e-17
1.922070673752653e-17
1.9222122300642114e-17
1.9223467200608895e-17
1.9224740155686178e-17
1.9225940799375873e-17
1.9227069660531518e-17
1.922812813167314e-17
1.9229118427445495e-17
1.923004353183609e-17
1.9230907137882914e-17
1.923171357807258e-17
1.9232467747880637e-17
1.923317502349184e-17
1.923384117350539e-17
1.9234472268407108e-17
1.9235074587255132e-17
1.9235654524263887e-17
1.9236218494882108e-17
1.9236772845672456e-17
1.923732376704085e-17
1.923787721190603e-17
1.92384388193093e-17
1.9239013847271598e-17
1.9239607113471073e-17
1.92402229457008e-17
1.9240865143098352e-17
1.9241536946817234e-17
1.9242241023304567e-17
1.924297945797596e-17
1.924375376042512e-17
1.9244564879036087e-17
1.9245413227071007e-17
1.9246298717148232e-17
1.924722080460331e-17
1.924817853658323e-17
1.9249170608552062e-17
1.9250195424105758e-17
1.925125115816823e-17
1.9252335821960508e-17
1.925344732663373e-17
1.9254583546808344e-17
1.9255742380568197e-17
1.925692180586127e-17
1.9258119930244522e-17
1.9259335035994996e-17
1.9260565617241057e-17
1.9261810409621385e-17
1.9263068412505472e-17
1.9264338901588167e-17
1.9265621434784414e-17
1.9266915849478063e-17
1.926822225288348e-17
1.9269541004063975e-17
1.9270872691336958e-17
1.9272218103484242e-17
1.9273578197167467e-17
1.927495405965103e-17
1.9276346870591772e-17
1.9277757861693772e-17
1.927918827616802e-17
1.9280639329276637e-17
1.9282112169152267e-17
1.928360784134459e-17
1.9285127255732222e-17
1.928667115778584e-17
1.9288240102624645e-17
1.928983443521696e-17
1.9291454274840172e-17
1.9293099505143913e-17
1.9294769768287812e-17
1.929646446586811e-17
1.9298182764209514e-17
1.9299923605119762e-17
1.930168572215949e-17
1.9303467660229543e-17
1.9305267801513184e-17
1.9307084394652492e-17
1.9308915588766606e-17
1.9310759469604885e-17
1.9312614100364433e-17
1.9314477564438076e-17
1.9316348011050256e-17
1.931822370079303e-17
1.9320103053872278e-17
1.9321984697400622e-17
1.9323867512116305e-17
1.9325750678004897e-17
1.9327633715853452e-17
1.9329516526686854e-17
1.9331399425638047e-17
1.9333283170733002e-17
1.9335168983348977e-17
1.9337058562557133e-17
1.9338954089583854e-17
1.934085822372595e-17
1.9342774086350418e-17
1.934470523602813e-17
1.9346655631853107e-17
1.9348629586019056e-17
1.935063170657692e-17
1.9352666828602225e-17
1.9354739938122163e-17
1.9356856087265262e-17
1.9359020303843558e-17
1.9361237494955605e-17
1.9363512349593436e-17
1.9365849239986844e-17
1.9368252125683724e-17
1.93707244604467e-17
1.9373269107549508e-17
1.937588826324268e-17
1.9378583391764614e-17
1.938135517424633e-17
1.938420347112129e-17
1.9387127302862503e-17
1.9390124847264176e-17
1.9393193455739965e-17
1.9396329686405887e-17
1.9399529356915293e-17
1.9402787613487282e-17
1.9406099016769423e-17
1.940945764029189e-17
1.9412857182751576e-17
1.9416291088864214e-17
1.9419752677218124e-17
1.9423235272527533e-17
1.9426732336961416e-17
1.9430237600704907e-17
1.9433745185775714e-17
1.9437249722367988e-17
1.9440746451901106e-17
1.9444231318230075e-17
1.944770104192988e-17
1.945115317724721e-17
1.9454586151041973e-17
1.9457999280750082e-17
1.9461392774628386e-17
1.9464767711860473e-17
1.946812600533848e-17
1.9471470345615588e-17
1.9474804131438465e-17
1.947813138576024e-17
1.94814566614172e-17
1.9484784936440755e-17
1.948812150460619e-17
1.949147186112329e-17
1.949484158670229e-17
1.949823623289692e-17
1.9501661208137465e-17
1.9505121669713345e-17
1.9508622420145854e-17
1.9512167811073924e-17
1.9515761652616786e-17
1.9519407132358268e-17
1.952310674109978e-17
1.9526862207454836e-17
1.9530674438301255e-17
1.953454346853017e-17
1.9538468416709917e-17
1.9542447447667016e-17
1.9546477742256402e-17
1.9550555471898526e-17
1.9554675781465825e-17
1.9558832778116205e-17
1.95630195284448e-17
1.9567228062289274e-17
1.9571449387514632e-17
1.9575673514159917e-17
1.9579889491065105e-17
1.9584085453546567e-17
1.9588248686840532e-17
1.959236570335323e-17
1.9596422335735516e-17
1.9600403846634775e-17
1.9604295052505365e-17
1.9608080464806186e-17
1.961174444438083e-17
1.9615271369422324e-17
1.961864581236742e-17
1.9621852726312442e-17
1.9624877635151202e-17
1.9627706825682204e-17
1.9630327535230957e-17
1.9632728134460994e-17
1.9634898298063295e-17
1.9636829161037544e-17
1.963851345680969e-17
1.9639945631926532e-17
1.9641121937590944e-17
1.9642040493083296e-17
1.964270132130172e-17
1.964310635315459e-17
1.9643259403881414e-17
1.964316611925435e-17
1.9642833894813256e-17
1.964227176751034e-17
1.964149028563858e-17
1.9640501357029365e-17
1.963931807980651e-17
1.9637954559419867e-17
1.9636425712976202e-17
1.9634747067228682e-17
1.9632934550464454e-17
1.9631004282848846e-17
1.9628972364986365e-17
1.9626854669904248e-17
1.9624666637531174e-17
1.9622423074703215e-17
1.9620137959527142e-17
1.961782425430339e-17
1.9615493725489475e-17
1.9613156772906544e-17
1.9610822270160984e-17
1.9608497415767e-17
1.9606187600389042e-17
1.960389629024269e-17
1.9601624931469626e-17
1.9599372876749475e-17
1.9597137341077156e-17
1.9594913388317556e-17
1.9592693954424632e-17
1.9590469908931623e-17
1.9588230161496532e-17
1.9585961813910782e-17
1.9583650360660286e-17
1.9581279939397798e-17
1.9578833628763637e-17
1.9576293794572022e-17
1.9573642478031478e-17
1.957086182229961e-17
1.9567934527474816e-17
1.9564844328059332e-17
1.9561576479601267e-17
1.9558118243216117e-17
1.955445935521937e-17
1.9550592465525188e-17
1.9546513533423693e-17
1.954222216386971e-17
1.9537721872246474e-17
1.9533020262673036e-17
1.9528129111897808e-17
1.952306434751695e-17
1.9517845915885418e-17
1.9512497534299483e-17
1.9507046330266394e-17
1.9501522369083796e-17
1.949595807759667e-17
1.9490387575345296e-17
1.9484845925047563e-17
1.9479368322464895e-17
1.9473989243436726e-17
1.9468741571821766e-17
1.9463655730334656e-17
1.945875884207199e-17
1.9454073945868315e-17
1.9449619292001397e-17
1.9445407739825325e-17
1.944144628186764e-17
1.9437735711104253e-17
1.9434270447698603e-17
1.943103853733078e-17
1.9428021825592616e-17
1.9425196313440565e-17
1.9422532687630452e-17
1.941999701911412e-17
1.9417551612546488e-17
1.9415155990780716e-17
1.9412767987364614e-17
1.9410344920480396e-17
1.940784481374596e-17
1.940522763239433e-17
1.9402456495961527e-17
1.939949883135698e-17
1.9396327430800484e-17
1.9392921377753177e-17
1.938926681279729e-17
1.9385357509771974e-17
1.938119524239301e-17
1.9376789923599433e-17
1.9372159512596823e-17
1.9367329686509937e-17
1.9362333285801164e-17
1.9357209546388122e-17
1.935200314437967e-17
1.934676308076882e-17
1.934154144289294e-17
1.9336392083755768e-17
1.933136926125545e-17
1.9326526285985034e-17
1.9321914221167932e-17
1.931758068066156e-17
1.9313568763340228e-17
1.9309916162581666e-17
1.930665447719242e-17
1.9303808746800123e-17
1.9301397221284264e-17
1.9299431370162786e-17
1.9297916122240827e-17
1.929685031982608e-17
1.929622736229659e-17
1.929603600283861e-17
1.9296261261049595e-17
1.929688540306883e-17
1.9297888942621712e-17
1.9299251610482433e-17
1.9300953247733357e-17
1.9302974575360505e-17
1.930529780347113e-17
1.930790704637959e-17
1.9310788525736917e-17
1.9313930548246642e-17
1.9317323259721493e-17
1.9320958189053862e-17
1.932482760319414e-17
1.9328923711668627e-17
1.9333237760962864e-17
1.9337759071632655e-17
1.934247407030502e-17
1.9347365377736568e-17
1.9352411006063778e-17
1.9357583719145203e-17
1.9362850602946925e-17
1.9368172880570946e-17
1.9373506002541102e-17
1.9378800023368165e-17
1.938400026807412e-17
1.9389048273082123e-17
1.9393882980390283e-17
1.939844214438244e-17
1.9402663906015227e-17
1.9406488475189384e-17
1.9409859863419484e-17
1.9412727598673097e-17
1.941504835808229e-17
1.9416787456509515e-17
1.941792013060379e-17
1.9418432572211947e-17
1.9418322667895907e-17
1.9417600417775766e-17
1.9416288014250957e-17
1.9414419580056316e-17
1.9412040570899586e-17
1.9409206863992227e-17
1.9405983558770305e-17
1.9402443529542213e-17
1.939866576884384e-17
1.9394733566469203e-17
1.9390732568881732e-17
1.938674875909222e-17
1.9382866399318512e-17
1.9379165969687244e-17
1.9375722137800986e-17
1.9372601788515075e-17
1.9369862150358417e-17
1.9367549053984837e-17
1.9365695370252368e-17
1.9364319681656224e-17
1.9363425258705718e-17
1.9362999418249463e-17
1.93630133523291e-17
1.9363422517628214e-17
1.936416766428572e-17
1.9365176568578516e-17
1.9366366493268105e-17
1.936764735541564e-17
1.9368925514980617e-17
1.9370108034321034e-17
1.9371107180369704e-17
1.9371844881894286e-17
1.9372256801901722e-17
1.937229567218555e-17
1.9371933547480825e-17
1.9371162700176448e-17
1.9369994979797277e-17
1.9368459600535013e-17
1.9366599496350288e-17
1.9364466556426007e-17
1.9362116225563554e-17
1.935960207785214e-17
1.935697104440436e-17
1.9354259954288974e-17
1.935149394516145e-17
1.9348687097247917e-17
1.9345845377458765e-17
1.934297165636577e-17
1.9340072242310733e-17
1.9337164099109573e-17
1.9334281725298258e-17
1.9331482624189093e-17
1.9328850387046205e-17
1.9326494666901117e-17
1.9324547690086087e-17
1.932315740407762e-17
1.9322477801249096e-17
1.9322657336695474e-17
1.932382658827038e-17
1.932608636708937e-17
1.93294973457967e-17
1.9334071984138257e-17
1.9339769151675723e-17
1.9346491466338906e-17
1.9354085096230603e-17
1.9362341659315095e-17
1.9371001961244332e-17
1.9379761581945585e-17
1.938827869276039e-17
1.9396184787752614e-17
1.940309912116003e-17
1.9408647402033146e-17
1.9412484680997833e-17
1.9414321399021642e-17
1.941395046140791e-17
1.941127220836365e-17
1.940631358681716e-17
1.939923795473834e-17
1.9390342858461562e-17
1.938004474824395e-17
1.936885161641021e-17
1.935732652600841e-17
1.934604645286287e-17
1.9335561448137477e-17
1.9326358707862265e-17
1.9318834873393475e-17
1.9313278196729274e-17
1.9309860588037485e-17
1.930863847882915e-17
1.9309561060900472e-17
1.9312484669331063e-17
1.9317192399325416e-17
1.932341795441386e-17
1.9330871841269126e-17
1.933926650793805e-17
1.934833557664109e-17
1.9357842126313963e-17
1.936757302343505e-17
1.937732066926881e-17
1.938685882033488e-17
1.939592249069492e-17
1.9404200369260034e-17
1.9411340535263038e-17
1.9416959307916592e-17
1.9420635616670334e-17
1.9421877535465502e-17
1.9420067924353595e-17
1.9414427950075094e-17
1.9404065177023432e-17
1.938817377984528e-17
1.9366407494527583e-17
1.933935488931539e-17
1.9308968382756508e-17
1.9278822089093147e-17
1.925411087102655e-17
1.9240681718282513e-17
1.9240198069483822e-17
1.9237946181601574e-17
1.9199812988056707e-17
1.917119349560002e-17