1.78509982723e-11
7.07308236535e-12
4.09058914797e-12
3.0120597777e-12
2.34818708757e-12
1.92918723289e-12
1.66363234407e-12
1.44886220632e-12
1.29957733132e-12
1.18331859821e-12
1.1159680322893387e-12
1.0386062055153485e-12
9.741319380903312e-13
9.193395825225363e-13
8.72083772131834e-13
8.308365935658825e-13
7.944742009748203e-13
7.62140954782491e-13
7.331655368392182e-13
7.070106618713971e-13
6.832428541984094e-13
6.615127902608352e-13
6.415403312313693e-13
6.231013984127037e-13
6.060159552926372e-13
5.901374312247065e-13
5.753441270338915e-13
5.615328449892067e-13
5.486145575752219e-13
5.365116212753168e-13
5.251559436027618e-13
5.14487594197726e-13
5.044535305568546e-13
4.950063040967574e-13
4.861027684815493e-13
4.777029046402701e-13
4.697689010702059e-13
4.622645919531891e-13
4.551552788642907e-13
4.48407874895867e-13
4.4199124555028346e-13
4.3587660065763415e-13
4.300378162746336e-13
4.2445155176510817e-13
4.190974555943306e-13
4.1395791493979587e-13
4.090178366222509e-13
4.042643852472971e-13
3.996866838786234e-13
3.952755147250691e-13
3.9102301612744347e-13
3.8692245627929886e-13
3.8296796589063885e-13
3.791542487341926e-13
3.754763944602254e-13
3.719296766700238e-13
3.6850937185400146e-13
3.6521060700926745e-13
3.6202825113724594e-13
3.5895684058359605e-13
3.55990589103842e-13
3.531234605662041e-13
3.503492910077939e-13
3.476619572675511e-13
3.4505556534795837e-13
3.425246301225626e-13
3.4006421929301113e-13
3.3767004136271903e-13
3.3533846805734704e-13
3.330664932558564e-13
3.3085164045379e-13
3.2869183721140205e-13
3.2658527727175257e-13
3.2453028948054735e-13
3.22525228364084e-13
3.205683955786681e-13
3.1865799551395895e-13
3.167921232077821e-13
3.1496877887898197e-13
3.1318590108755965e-13
3.1144140983436917e-13
3.09733251474814e-13
3.080594388662268e-13
3.0641808222442414e-13
3.0480740847508445e-13
3.032257689364972e-13
3.0167163686813564e-13
3.001435975549802e-13
2.986403341335044e-13
2.971606123970564e-13
2.957032673721765e-13
2.9426719371166627e-13
2.9285134105257576e-13
2.9145471458635264e-13
2.900763802504183e-13
2.887154733175589e-13
2.8737120871938536e-13
2.8604289130233946e-13
2.8472992422563414e-13
2.8343181400694917e-13
2.8214817110772174e-13
2.8087870544207766e-13
2.796232167527157e-13
2.7838158033749586e-13
2.7715372904810167e-13
2.759396328455126e-13
2.747392774610318e-13
2.7355264378025863e-13
2.723796895345465e-13
2.7122033467092237e-13
2.700744515022589e-13
2.689418603316863e-13
2.6782233082104036e-13
2.667155888864418e-13
2.6562132849243186e-13
2.645392273127634e-13
2.634689649357082e-13
2.624102420870621e-13
2.613627992498908e-13
2.6032643314637504e-13
2.5930100967284297e-13
2.5828647219086216e-13
2.5728284443701173e-13
2.562902277322175e-13
2.553087926476969e-13
2.5433876573171024e-13
2.533804122935111e-13
2.5243401653674394e-13
2.5149986055428284e-13
2.505782037116682e-13
2.496692638811665e-13
2.4877320176702797e-13
2.478901091900131e-13
2.470200018818045e-13
2.461628168849125e-13
2.4531841430754736e-13
2.4448658285786533e-13
2.436670483874645e-13
2.4285948489127737e-13
2.4206352495191023e-13
2.412787736655318e-13
2.405048198157845e-13
2.397412466712487e-13
2.389876413875359e-13
2.382436027411211e-13
2.3750874708277243e-13
2.367827125071373e-13
2.3606516132999014e-13
2.3535578104009843e-13
2.346542839246801e-13
2.339604052866505e-13
2.332739020401581e-13
2.325945489037863e-13
2.3192213512217195e-13
2.312564611721144e-13
2.305973354573419e-13
2.2994457134337494e-13
2.292979847269035e-13
2.2865739231426777e-13
2.2802261074781095e-13
2.273934566695978e-13
2.2676974777233653e-13
2.2615130476149457e-13
2.2553795423157964e-13
2.2492953244586193e-13
2.2432588917392459e-13
2.2372689192260646e-13
2.2313242989937385e-13
2.225424174271003e-13
2.2195679639446611e-13
2.2137553744647457e-13
2.2079863961901138e-13
2.2022612826227283e-13
2.1965805117213147e-13
2.1909447297716698e-13
2.1853546796856073e-13
2.1798111164128838e-13
2.1743147133833366e-13
2.168865964307335e-13
2.1634650851429894e-13
2.158111921203515e-13
2.1528058641637884e-13
2.147545783182318e-13
2.1423299737056116e-13
2.1371561268171573e-13
2.1320213209705472e-13
2.1269220370650563e-13
2.1218541966455183e-13
2.1168132222806985e-13
2.111794118327941e-13
2.106791569390693e-13
2.1018000531720346e-13
2.096813964133276e-13
2.0918277438054457e-13
2.0868360136102814e-13
2.0818337059770955e-13
2.0768161895868784e-13
2.0717793850311846e-13
2.0667198674586864e-13
2.0616349533391733e-13
2.0565227689489682e-13
2.0513822989815452e-13
2.0462134141986209e-13
2.041016877885141e-13
2.035794331318903e-13
2.0305482591481896e-13
2.02528193616785e-13
2.019999357420749e-13
2.0147051539160597e-13
2.0094044964044576e-13
2.004102990189533e-13
1.9988065636489034e-13
1.9935213534801363e-13
1.9882535895149246e-13
1.9830094816135695e-13
1.9777951113209895e-13
1.9726163304874084e-13
1.967478668883264e-13
1.9623872523157965e-13
1.9573467327490434e-13
1.952361231236564e-13
1.9474342943330162e-13
1.9425688642536967e-13
1.9377672623545068e-13
1.9330311856812447e-13
1.9283617157608341e-13
1.9237593382087902e-13
1.9192239721414627e-13
1.9147550077192128e-13
1.9103513500937703e-13
1.9060114682975217e-13
1.9017334472016156e-13
1.8975150410808587e-13
1.8933537272932473e-13
1.889246759690222e-13
1.8851912165758333e-13
1.8811840501918423e-13
1.8772221309467076e-13
1.87330228661019e-13
1.86942133814519e-13
1.865576131184307e-13
1.8617635636238654e-13
1.8579806093117752e-13
1.8542243383450595e-13
1.850491934316325e-13
1.8467807088027338e-13
1.843088113614783e-13
1.8394117511575825e-13
1.8357493831669989e-13
1.832098938136808e-13
1.8284585155202996e-13
1.8248263994071853e-13
1.821201055265887e-13
1.8175811369175092e-13
1.8139654901008394e-13
1.8103531552641963e-13
1.806743369448925e-13
1.8031355670363806e-13
1.799529379225986e-13
1.7959246319545887e-13
1.792321341937363e-13
1.788719710682517e-13
1.7851201162187767e-13
1.7815231023023003e-13
1.7779293650503233e-13
1.7743397361119317e-13
1.7707551664711536e-13
1.7671767027818535e-13
1.7636054644314968e-13
1.7600426185164885e-13
1.7564893531989278e-13
1.7529468502917996e-13
1.7494162576099255e-13
1.7458986619209808e-13
1.74239506319246e-13
1.7389063508144245e-13
1.7354332826962503e-13
1.7319764676617565e-13
1.7285363518186134e-13
1.7251132093142628e-13
1.7217071378157358e-13
1.7183180588548683e-13
1.7149457229570467e-13
1.7115897195595794e-13
1.7082494912755e-13
1.7049243521881965e-13
1.7016135096195733e-13
1.69831608864017e-13
1.695031158743905e-13
1.6917577618879847e-13
1.6884949411661294e-13
1.6852417692753783e-13
1.6819973761103477e-13
1.6787609747759343e-13
1.6755318853918144e-13
1.6723095561477674e-13
1.6690935811147235e-13
1.6658837144685587e-13
1.6626798808727593e-13
1.6594821818959124e-13
1.6562908983194046e-13
1.6531064884527616e-13
1.6499295825659482e-13
1.6467609737210455e-13
1.643601605246377e-13
1.6404525551831693e-13
1.6373150182270246e-13
1.634190285560133e-13
1.6310797230188037e-13
1.6279847481614588e-13
1.6249068066404665e-13
1.621847348460294e-13
1.6188078045199395e-13
1.615789563827342e-13
1.6127939518411608e-13
1.6098222102301806e-13
1.606875478450146e-13
1.6039547771990369e-13
1.6010609941192013e-13
1.5981948717526224e-13
1.5953569979703097e-13
1.5925477988348285e-13
1.5897675339051123e-13
1.5870162939332448e-13
1.5842940009506723e-13
1.5816004106178868e-13
1.578935116600865e-13
1.5762975569910285e-13
1.573687022440547e-13
1.571102665974054e-13
1.5685435142316073e-13
1.5660084798526363e-13
1.5634963749188726e-13
1.5610059252205965e-13
1.5585357851307658e-13
1.5560845528649094e-13
1.5536507859671116e-13
1.551233016786753e-13
1.5488297678029934e-13
1.5464395666220196e-13
1.5440609604019025e-13
1.5416925296185971e-13
1.539332901087017e-13
1.5369807598976703e-13
1.534634860383176e-13
1.5322940358841416e-13
1.529957207228771e-13
1.5276233899969696e-13
1.5252917003340763e-13
1.5229613593936702e-13
1.5206316964578387e-13
1.518302150683877e-13
1.5159722714794677e-13
1.513641717697388e-13
1.5113102555688783e-13
1.5089777556217835e-13
1.5066441886341996e-13
1.504309620653347e-13
1.501974207347478e-13
1.4996381877528667e-13
1.4973018776061944e-13
1.4949656622830853e-13
1.4926299896176512e-13
1.4902953626147973e-13
1.4879623322374516e-13
1.4856314903908396e-13
1.4833034630701208e-13
1.48097890387276e-13
1.478658487898559e-13
1.476342906065895e-13
1.4740328598248452e-13
1.4717290563790094e-13
1.4694322043114785e-13
1.4671430096272554e-13
1.4648621722406773e-13
1.4625903827757502e-13
1.4603283196332855e-13
1.4580766463910383e-13
1.4558360093709875e-13
1.4536070353244863e-13
1.45139032925564e-13
1.449186472256398e-13
1.4469960193974563e-13
1.444819497569984e-13
1.4426574032958155e-13
1.4405102004527082e-13
1.4383783180185284e-13
1.4362621476985802e-13
1.43416204153024e-13
1.4320783095121096e-13
1.4300112172491914e-13
1.4279609836746715e-13
1.42592777890496e-13
1.4239117222439577e-13
1.4219128804201839e-13
1.4199312661639005e-13
1.417966837042282e-13
1.4160194947403328e-13
1.414089084758309e-13
1.4121753965820648e-13
1.4102781644070707e-13
1.408397068351432e-13
1.4065317362185725e-13
1.4046817458296285e-13
1.4028466279511087e-13
1.4010258696670002e-13
1.3992189183161216e-13
1.3974251858167183e-13
1.3956440534724516e-13
1.3938748771311893e-13
1.3921169925343763e-13
1.3903697209366682e-13
1.3886323748768494e-13
1.3869042639076256e-13
1.3851847003490964e-13
1.3834730049104902e-13
1.3817685120849123e-13
1.3800705752685387e-13
1.3783785716048384e-13
1.376691906328071e-13
1.3750100167100956e-13
1.3733323755550696e-13
1.3716584941065321e-13
1.3699879244692809e-13
1.368320261509257e-13
1.3666551442060291e-13
1.3649922564623415e-13
1.3633313275576667e-13
1.3616721319498072e-13
1.360014488666097e-13
1.3583582610995912e-13
1.356703355098078e-13
1.3550497177378621e-13
1.3533973356504738e-13
1.351746233083533e-13
1.3500964699568582e-13
1.348448139713424e-13
1.3468013671309082e-13
1.3451563060650704e-13
1.3435131372669762e-13
1.3418720661707832e-13
1.3402333206800254e-13
1.33859714905179e-13
1.3369638178027852e-13
1.3353336096784513e-13
1.3337068217365217e-13
1.332083763400594e-13
1.3304647546255033e-13
1.3288501241455533e-13
1.32724020764447e-13
1.3256353462334203e-13
1.324035884602562e-13
1.3224421694371465e-13
1.3208545477484858e-13
1.3192733653284378e-13
1.3176989651123712e-13
1.3161316855307772e-13
1.3145718589387386e-13
1.313019810001285e-13
1.3114758540491516e-13
1.3099402954738915e-13
1.308413426129454e-13
1.3068955237019894e-13
1.30538685012665e-13
1.3038876501141067e-13
1.302398149548836e-13
1.300918554086127e-13
1.299449047821748e-13
1.297989792060042e-13
1.2965409239312728e-13
1.2951025554326531e-13
1.2936747726297773e-13
1.292257634897946e-13
1.290851174353296e-13
1.2894553954641136e-13
1.2880702749049364e-13
1.2866957616669825e-13
1.2853317772982247e-13
1.2839782164488586e-13
1.2826349476557503e-13
1.2813018142702936e-13
1.279978635725431e-13
1.2786652089673142e-13
1.2773613100706876e-13
1.2760666960586235e-13
1.2747811069077132e-13
1.2735042676755428e-13
1.2722358907281324e-13
1.2709756780957112e-13
1.2697233238319036e-13
1.26847851641611e-13
1.2672409411744654e-13
1.2660102825859426e-13
1.2647862265756327e-13
1.2635684626604823e-13
1.2623566859149936e-13
1.2611505988314027e-13
1.2599499129315164e-13
1.2587543501258235e-13
1.2575636438609668e-13
1.256377540001292e-13
1.2551957973871034e-13
1.2540181881321728e-13
1.252844497620742e-13
1.2516745242183916e-13
1.2505080786739373e-13
1.2493449832664437e-13
1.248185070678131e-13
1.2470281826512113e-13
1.2458741684583122e-13
1.2447228831165213e-13
1.2435741855190066e-13
1.2424279365090787e-13
1.241283996788944e-13
1.2401422248930316e-13
1.239002475167771e-13
1.2378645958092904e-13
1.2367284270957122e-13
1.2355937997202128e-13
1.234460533352922e-13
1.2333284354986149e-13
1.2321973006492488e-13
1.2310669097171386e-13
1.2299370299047012e-13
1.2288074148943726e-13
1.2276778054905316e-13
1.226547930705427e-13
1.225417509181265e-13
1.2242862510935693e-13
1.2231538605035653e-13
1.2220200379874623e-13
1.2208844837483683e-13
1.2197469009992155e-13
1.218606999640643e-13
1.2174645002048108e-13
1.2163191380099716e-13
1.215170667390341e-13
1.214018866049756e-13
1.2128635394172622e-13
1.2117045249176915e-13
1.2105416961258328e-13
1.2093749667176763e-13
1.2082042941167094e-13
1.2070296828486065e-13
1.205851187486038e-13
1.204668915052704e-13
1.2034830269965442e-13
1.202293740554525e-13
1.201101329490327e-13
1.1999061242167182e-13
1.1987085112193859e-13
1.1975089318014923e-13
1.1963078801924995e-13
1.1951059009041184e-13
1.1939035854329886e-13
1.1927015683393584e-13
1.1915005227457875e-13
1.190301155216611e-13
1.1891042001663246e-13
1.1879104138069365e-13
1.186720567730777e-13
1.1855354422233877e-13
1.1843558192990672e-13
1.1831824756358976e-13
1.1820161754549852e-13
1.1808576634821501e-13
1.1797076579665496e-13
1.178566843987797e-13
1.1774358670078877e-13
1.1763153268407438e-13
1.175205772106384e-13
1.174107695128051e-13
1.1730215274814367e-13
1.171947636208002e-13
1.170886320633014e-13
1.1698378099827422e-13
1.168802261719141e-13
1.1677797606286936e-13
1.166770318703914e-13
1.165773875797224e-13
1.1647903009853005e-13
1.1638193946835898e-13
1.1628608914869598e-13
1.1619144636118857e-13
1.160979724950916e-13
1.160056235725693e-13
1.1591435075379637e-13
1.1582410088961566e-13
1.1573481711251167e-13
1.1564643944366434e-13
1.1555890542775065e-13
1.154721507810616e-13
1.1538611003635506e-13
1.1530071719017731e-13
1.1521590633624643e-13
1.151316122810925e-13
1.1504777113928012e-13
1.149643208917599e-13
1.1488120190990927e-13
1.147983574363622e-13
1.1471573402633169e-13
1.1463328192892973e-13
1.1455095542194553e-13
1.144687130896056e-13
1.1438651804227947e-13
1.143043380826853e-13
1.1422214580880823e-13
1.1413991866089442e-13
1.1405763891941375e-13
1.1397529363966218e-13
1.1389287454390594e-13
1.1381037786010835e-13
1.1372780412004585e-13
1.1364515791534457e-13
1.1356244762551866e-13
1.1347968510507226e-13
1.1339688534928091e-13
1.1331406614831992e-13
1.1323124771270879e-13
1.131484522979101e-13
1.1306570382226823e-13
1.1298302748022859e-13
1.1290044936478408e-13
1.1281799610010168e-13
1.127356944806629e-13
1.1265357112689296e-13
1.1257165216186049e-13
1.1248996290811593e-13
1.1240852760862815e-13
1.1232736917252556e-13
1.122465089435042e-13
1.1216596650321781e-13
1.120857594953822e-13
1.1200590347906631e-13
1.119264118086061e-13
1.1184729554412895e-13
1.1176856338428944e-13
1.1169022162424966e-13
1.1161227414026305e-13
1.1153472239252022e-13
1.114575654522179e-13
1.1138080004983045e-13
1.1130442063603369e-13
1.1122841946301827e-13
1.1115278668066192e-13
1.1107751044598635e-13
1.1100257704156758e-13
1.1092797100833824e-13
1.1085367529540991e-13
1.1077967137801256e-13
1.1070593943581234e-13
1.1063245851128454e-13
1.105592066668385e-13
1.1048616115251576e-13
1.1041329857099088e-13
1.1034059504552414e-13
1.1026802638546496e-13
1.1019556825271626e-13
1.1012319632175697e-13
1.1005088644031997e-13
1.0997861478543737e-13
1.0990635800928328e-13
1.0983409338435855e-13
1.0976179894212248e-13
1.0968945359998393e-13
1.0961703728323195e-13
1.0954453103942872e-13
1.0947191713588079e-13
1.0939917916280409e-13
1.093263021103187e-13
1.0925327243594119e-13
1.0918007814937486e-13
1.0910670884976372e-13
1.0903315576693659e-13
1.0895941179555939e-13
1.0888547151885207e-13
1.0881133121749816e-13
1.0873698887571136e-13
1.0866244417352027e-13
1.0858769847430156e-13
1.0851275480027083e-13
1.084376178076701e-13
1.0836229375105084e-13
1.0828679044334264e-13
1.0821111721458767e-13
1.0813528485966416e-13
1.0805930558957962e-13
1.0798319298002699e-13
1.0790696191188456e-13
1.0783062851514275e-13
1.0775421011004811e-13
1.0767772514606877e-13
1.07601193140237e-13
1.0752463461243762e-13
1.0744807102062925e-13
1.0737152469430845e-13
1.0729501876520681e-13
1.0721857709262865e-13
1.0714222418823357e-13
1.0706598513864711e-13
1.0698988551876068e-13
1.0691395130339244e-13
1.0683820877441245e-13
1.0676268441884189e-13
1.0668740482438803e-13
1.066123965699725e-13
1.0653768610595342e-13
1.0646329963232129e-13
1.0638926297175381e-13
1.0631560143669256e-13
1.0624233969321562e-13
1.061695016204817e-13
1.060971101692074e-13
1.0602518722252186e-13
1.0595375345181408e-13
1.0588282817779142e-13
1.0581242923396194e-13
1.0574257283813239e-13
1.0567327346548841e-13
1.0560454373544113e-13
1.0553639430256518e-13
1.0546883376303319e-13
1.0540186857687722e-13
1.0533550299436949e-13
1.052697390037996e-13
1.0520457630059111e-13
1.0514001226220212e-13
1.0507604194818286e-13
1.0501265811553769e-13
1.0494985125378527e-13
1.0488760963321565e-13
1.0482591937936315e-13
1.0476476455721138e-13
1.0470412727230866e-13
1.0464398779619143e-13
1.0458432469322937e-13
1.0452511497128435e-13
1.0446633424104556e-13
1.0440795688481715e-13
1.043499562336499e-13
1.0429230475800929e-13
1.042349742593037e-13
1.0417793606011847e-13
1.04121161212492e-13
1.0406462068919856e-13
1.0400828558926933e-13
1.0395212733155938e-13
1.0389611784334157e-13
1.0384022975360996e-13
1.037844365683081e-13
1.0372871284540244e-13
1.0367303435135145e-13
1.036173782210489e-13
1.0356172309245185e-13
1.035060492384699e-13
1.0345033868191558e-13
1.0339457529576009e-13
1.0333874489583864e-13
1.0328283531373192e-13
1.0322683645671965e-13
1.0317074035164474e-13
1.0311454117999243e-13
1.0305823529425055e-13
1.0300182121924712e-13
1.0294529964362501e-13
1.0288867339405284e-13
1.0283194739936024e-13
1.027751286434828e-13
1.0271822610060426e-13
1.0266125066721295e-13
1.0260421507855683e-13
1.025471338164019e-13
1.0249002300952726e-13
1.0243290032587368e-13
1.0237578485436036e-13
1.023186969850585e-13
1.0226165828281257e-13
1.022046913518098e-13
1.0214781970180254e-13
1.0209106760934512e-13
1.020344599758574e-13
1.019780221846312e-13
1.019217799579816e-13
1.0186575921177875e-13
1.0180998591452248e-13
1.0175448594815217e-13
1.0169928496371061e-13
1.0164440824627501e-13
1.0158988058299339e-13
1.015357261326792e-13
1.014819682987201e-13
1.0142862960773598e-13
1.0137573159458107e-13
1.0132329469331097e-13
1.012713381317515e-13
1.012198798326839e-13
1.0116893632294297e-13
1.0111852265068204e-13
1.010686523077933e-13
1.0101933715968512e-13
1.0097058738343869e-13
1.0092241141578107e-13
1.0087481590960451e-13
1.0082780569316367e-13
1.0078138374272846e-13
1.0073555116686428e-13
1.0069030719263375e-13
1.006456491626131e-13
1.0060157254436388e-13
1.005580709441994e-13
1.0051513613016193e-13
1.0047275806931637e-13
1.0043092496440715e-13
1.0038962330220162e-13
1.0034883791603837e-13
1.0030855204531615e-13
1.0026874740857758e-13
1.0022940428298175e-13
1.0019050158805846e-13
1.0015201697672651e-13
1.0011392693184509e-13
1.0007620686434855e-13
1.0003883122372869e-13
1.0000177360075387e-13
9.996500684070489e-14
9.99285031577223e-14
9.98922342492639e-14
9.985617141146939e-14
9.982028565462774e-14
9.978454782144734e-14
9.974892869808809e-14
9.971339913171368e-14
9.967793013688586e-14
9.964249300625306e-14
9.960705941368801e-14
9.957160151473564e-14
9.953609204827646e-14
9.950050442058902e-14
9.946481280139766e-14
9.942899219933598e-14
9.939301854526261e-14
9.935686876127064e-14
9.932052082798138e-14
9.928395384715207e-14
9.924714809655345e-14
9.92100850823925e-14
9.917274757737727e-14
9.913511967365555e-14
9.909718680443916e-14
9.905893578685612e-14
9.902035483810682e-14
9.898143360363823e-14
9.894216317169819e-14
9.890253608725032e-14
9.88625463605838e-14
9.882218947623238e-14
9.878146239154788e-14
9.874036354088563e-14
9.869889282752198e-14
9.865705161974078e-14
9.861484273823047e-14
9.857227044490768e-14
9.852934042556878e-14
9.848605976908886e-14
9.844243694755094e-14
9.83984817879895e-14
9.83542054412318e-14
9.830962035185522e-14
9.826474021701593e-14
9.821957994425951e-14
9.817415560740276e-14
9.812848439396533e-14
9.808258454641478e-14
9.80364753039615e-14
9.799017683411947e-14
9.794371016014206e-14
9.78970970847307e-14
9.785036010418611e-14
9.780352232061772e-14
9.775660734740492e-14
9.770963920809463e-14
9.76626422315869e-14
9.761564094278945e-14
9.756865994858377e-14
9.752172381863495e-14
9.747485696540814e-14
9.74280835200804e-14
9.738142720514835e-14
9.733491121017502e-14
9.72885580632963e-14
9.724238950463455e-14
9.719642636475982e-14
9.715068844147637e-14
9.710519438231185e-14
9.705996157428779e-14
9.701500603614562e-14
9.697034232050527e-14
9.692598342400752e-14
9.688194070442967e-14
9.683822381036565e-14
9.67948406240024e-14
9.675179721020877e-14
9.67090977848356e-14
9.666674469078473e-14
9.662473839091419e-14
9.658307747631002e-14
9.65417586862398e-14
9.65007769439326e-14
9.646012540698311e-14
9.64197955345547e-14
9.637977716490444e-14
9.63400586094225e-14
9.630062675863142e-14
9.626146720232729e-14
9.622256435984838e-14
9.61839016212839e-14
9.614546149919792e-14
9.610722578770655e-14
9.60691757304706e-14
9.603129219184122e-14
9.59935558370711e-14
9.595594730935497e-14
9.591844741143826e-14
9.588103728876011e-14
9.584369860588587e-14
9.580641372370453e-14
9.576916587102931e-14
9.573193930757848e-14
9.569471947866906e-14
9.565749316556689e-14
9.562024861803722e-14
9.558297567926034e-14
9.554566589560665e-14
9.550831261308556e-14
9.547091105716741e-14
9.543345840071883e-14
9.539595380766299e-14
9.535839846772126e-14
9.532079560958137e-14
9.528315049558445e-14
9.52454704016343e-14
9.520776457924755e-14
9.517004419759916e-14
9.513232227221098e-14
9.509461357857536e-14
9.505693454527289e-14
9.501930314042658e-14
9.498173873854551e-14
9.494426197829777e-14
9.4906894609107e-14
9.486965932926666e-14
9.4832579614163e-14
9.479567953890399e-14
9.475898359881556e-14
9.47225165204079e-14
9.46863030789453e-14
9.46503679084831e-14
9.461473531648529e-14
9.457942910285879e-14
9.45444723818338e-14
9.450988740870603e-14
9.447569541701383e-14
9.444191646334909e-14
9.440856927912545e-14
9.437567113991124e-14
9.434323773959793e-14
9.431128308220961e-14
9.427981938562637e-14
9.424885699970451e-14
9.421840433677964e-14
9.418846782552123e-14
9.415905186925963e-14
9.413015882338768e-14
9.410178899420664e-14
9.40739406439792e-14
9.404661001380438e-14
9.401979136302567e-14
9.399347701840723e-14
9.396765743760817e-14
9.394232128779172e-14
9.391745552890882e-14
9.38930455138612e-14
9.386907509298758e-14
9.384552672918657e-14
9.382238161820572e-14
9.37996198169188e-14
9.37772203737302e-14
9.375516146289688e-14
9.373342052383378e-14
9.371197439533573e-14
9.369079945741032e-14
9.366987176425878e-14
9.36491671790728e-14
9.362866150545293e-14
9.360833061295353e-14
9.358815055684361e-14
9.356809769358487e-14
9.354814879047186e-14
9.352828112398828e-14
9.350847257569605e-14
9.348870171406367e-14
9.346894787276261e-14
9.344919121732076e-14
9.34294128036939e-14
9.340959462704514e-14
9.338971966578882e-14
9.336977191111673e-14
9.33497363912496e-14
9.332959918921753e-14
9.330934744935276e-14
9.328896937975721e-14
9.326845424718068e-14
9.324779236353097e-14
9.32269750698861e-14
9.320599471665492e-14
9.318484463414178e-14
9.316351910722105e-14
9.314201333935712e-14
9.312032342000468e-14
9.309844628748391e-14
9.30763796922982e-14
9.305412215869859e-14
9.303167294675913e-14
9.300903201626717e-14
9.298619998855818e-14
9.296317811449073e-14
9.293996823699857e-14
9.291657276125084e-14
9.289299462503456e-14
9.286923726997676e-14
9.28453046148785e-14
9.282120103236857e-14
9.279693132809172e-14
9.277250071735839e-14
9.27479148106533e-14
9.272317959187889e-14
9.269830140438645e-14
9.267328693471428e-14
9.264814319675688e-14
9.262287751672514e-14
9.259749751670726e-14
9.257201110002393e-14
9.254642643138516e-14
9.252075192040892e-14
9.24949961990506e-14
9.246916809967903e-14
9.244327663064456e-14
9.241733094716359e-14
9.239134032138281e-14
9.236531411234245e-14
9.233926172682241e-14
9.231319258113914e-14
9.228711606172793e-14
9.226104147906445e-14
9.223497802234265e-14
9.220893471046841e-14
9.218292034069495e-14
9.215694343584335e-14
9.213101219382262e-14
9.210513442933129e-14
9.207931752366297e-14
9.205356836815368e-14
9.202789331187495e-14
9.200229810956097e-14
9.197678787326287e-14
9.195136702361023e-14
9.192603924687714e-14
9.190080745603441e-14
9.187567375335313e-14
9.185063940271137e-14
9.18257048010608e-14
9.180086946069676e-14
9.17761319960613e-14
9.175149011629984e-14
9.172694062547332e-14
9.17024794291416e-14
9.167810154972997e-14
9.165380114554669e-14
9.162957154239672e-14
9.160540526600267e-14
9.158129408535463e-14
9.155722906154419e-14
9.153320060215677e-14
9.150919852110423e-14
9.148521210808347e-14
9.14612301963549e-14
9.143724123734688e-14
9.141323338286644e-14
9.138919456365582e-14
9.136511257424326e-14
9.13409751583457e-14
9.131677009342975e-14
9.129248527720305e-14
9.126810881439573e-14
9.124362909654882e-14
9.121903488709532e-14
9.119431539644365e-14
9.116946035782437e-14
9.114446009657663e-14
9.11193055969505e-14
9.109398855974659e-14
9.106850145752459e-14
9.104283758393994e-14
9.101699109147266e-14
9.099095703103021e-14
9.09647313761306e-14
9.093831104496927e-14
9.091169391452857e-14
9.088487882776928e-14
9.085786559331915e-14
9.083065497955707e-14
9.080324870373174e-14
9.077564941088858e-14
9.074786065408534e-14
9.071988686369233e-14
9.069173331376121e-14
9.066340608647363e-14
9.06349120313368e-14
9.060625872096374e-14
9.057745440679902e-14
9.054850797257703e-14
9.051942888324617e-14
9.049022714070661e-14
9.046091323177743e-14
9.043149808106646e-14
9.040199300481392e-14
9.037240966392606e-14
9.034276002064508e-14
9.031305629869328e-14
9.028331094087159e-14
9.025353657692533e-14
9.022374598725929e-14
9.019395207257683e-14
9.016416782767335e-14
9.013440631584232e-14
9.010468064735603e-14
9.00750039597456e-14
9.004538940337306e-14
9.0015850124175e-14
8.998639925519469e-14
8.99570499030319e-14
8.992781514016562e-14
8.989870799551949e-14
8.986974144720059e-14
8.984092841441317e-14
8.981228174899842e-14
8.978381422773977e-14
8.975553853975302e-14
8.972746727796536e-14
8.969961292341111e-14
8.967198782926053e-14
8.964460420288976e-14
8.961747408535007e-14
8.959060932559354e-14
8.956402155324209e-14
8.953772214983139e-14
8.951172221291358e-14
8.948603252128182e-14
8.946066349289908e-14
8.943562514340064e-14
8.941092704078311e-14
8.938657825625967e-14
8.936258731455871e-14
8.933896214521899e-14
8.931571002799613e-14
8.92928375385555e-14
8.927035049904741e-14
8.924825392324376e-14
8.922655196587589e-14
8.920524787394711e-14
8.9184343938091e-14
8.916384144894255e-14
8.914374065930366e-14
8.912404074448509e-14
8.91047397752912e-14
8.908583468966056e-14
8.906732127341561e-14
8.904919414895277e-14
8.903144676725828e-14
8.901407140977622e-14
8.899705919612886e-14
8.898040010266016e-14
8.896408298319572e-14
8.894809560582932e-14
8.89324246897757e-14
8.891705595434817e-14
8.890197417501451e-14
8.888716324730438e-14
8.887260625635417e-14
8.885828555347e-14
8.884418284195779e-14
8.883027926312052e-14
8.881655549315717e-14
8.880299184067992e-14
8.878956834850728e-14
8.877626489925953e-14
8.876306132262499e-14
8.874993750209503e-14
8.873687348782691e-14
8.872384960089414e-14
8.871084654135309e-14
8.869784549467249e-14
8.868482823165967e-14
8.867177720678153e-14
8.865867565084182e-14
8.864550765848374e-14
8.863225826903512e-14
8.861891354285818e-14
8.86054606248849e-14
8.859188780777237e-14
8.857818457886342e-14
8.856434166409816e-14
8.855035105928103e-14
8.853620605396665e-14
8.852190124519648e-14
8.850743254076382e-14
8.849279715626152e-14
8.847799359730239e-14
8.846302163959368e-14
8.844788229353442e-14
8.843257776425689e-14
8.841711140235178e-14
8.840148764812601e-14
8.838571196690324e-14
8.836979077924182e-14
8.835373138784704e-14
8.833754189349693e-14
8.832123111371462e-14
8.830480849396007e-14
8.828828401654687e-14
8.82716681087682e-14
8.825497155038397e-14
8.823820537930583e-14
8.822138079894581e-14
8.820450908879765e-14
8.818760151217063e-14
8.817066923415836e-14
8.815372323583595e-14
8.813677423671216e-14
8.811983262248664e-14
8.81029083740678e-14
8.808601100603769e-14
8.806914951263181e-14
8.805233231358128e-14
8.803556721246121e-14
8.801886136185937e-14
8.80022212315928e-14
8.798565258780548e-14
8.796916047690906e-14
8.795274921745007e-14
8.793642239751918e-14
8.792018288340615e-14
8.790403282634258e-14
8.788797368459366e-14
8.787200624438013e-14
8.785613064903508e-14
8.784034643262411e-14
8.782465255832179e-14
8.780904746012016e-14
8.779352908739652e-14
8.777809495475865e-14
8.776274219058893e-14
8.774746759170768e-14
8.773226767544208e-14
8.771713873388635e-14
8.770207688840018e-14
8.768707814432282e-14
8.767213844239491e-14
8.765725371135201e-14
8.764241991953023e-14
8.762763311869383e-14
8.76128894931455e-14
8.759818539975206e-14
8.758351740590642e-14
8.756888232680085e-14
8.755427725481696e-14
8.753969958566661e-14
8.75251470458748e-14
8.75106177069814e-14
8.749610999986827e-14
8.748162272776197e-14
8.746715506805748e-14
8.745270657375744e-14
8.74382771707604e-14
8.742386714757794e-14
8.740947714318449e-14
8.739510813241908e-14
8.738076140190264e-14
8.736643852991163e-14
8.735214135507072e-14
8.733787194679305e-14
8.732363257077425e-14
8.730942565221851e-14
8.729525373650988e-14
8.728111944738839e-14
8.726702544527168e-14
8.725297438000893e-14
8.723896884835984e-14
8.722501134585166e-14
8.721110421968434e-14
8.719724962238015e-14
8.718344946573517e-14
8.716970537426912e-14
8.715601864031738e-14
8.714239018312305e-14
8.712882050402281e-14
8.711530965111197e-14
8.710185718027389e-14
8.70884621225327e-14
8.707512295331654e-14
8.706183756670112e-14
8.704860325145662e-14
8.70354166716898e-14
8.702227385635589e-14
8.700917018453409e-14
8.699610038648634e-14
8.698305854130607e-14
8.697003808286373e-14
8.695703181247745e-14
8.69440319157177e-14
8.693102998375768e-14
8.691801704472417e-14
8.690498359440982e-14
8.689191963943041e-14
8.6878814739249e-14
8.686565805855028e-14
8.685243842165329e-14
8.68391443740055e-14
8.682576424629777e-14
8.681228622231204e-14
8.679869841613602e-14
8.678498894233577e-14
8.677114600158018e-14
8.675715795730123e-14
8.674301342097613e-14
8.67287013354374e-14
8.67142110612436e-14
8.669953245944446e-14
8.668465597542756e-14
8.666957272376172e-14
8.665427456354991e-14
8.663875418037029e-14
8.662300515563049e-14
8.660702203791145e-14
8.659080040459245e-14
8.657433692140582e-14
8.655762939391233e-14
8.654067681093065e-14
8.65234793848233e-14
8.650603857703197e-14
8.648835712384132e-14
8.647043904558647e-14
8.64522896518812e-14
8.643391553593983e-14
8.641532455991865e-14
8.639652583002856e-14
8.637752966689947e-14
8.635834756024451e-14
8.633899211833162e-14
8.631947701193467e-14
8.62998169034832e-14
8.628002737369651e-14
8.6260124839816e-14
8.624012646580363e-14
8.622005006837175e-14
8.619991401985418e-14
8.617973714019844e-14
8.615953859517281e-14
8.613933778300315e-14
8.611915422482366e-14
8.609900745159607e-14
8.60789168940383e-14
8.605890176990687e-14
8.603898097533027e-14
8.601917298152014e-14
8.599949572855743e-14
8.597996653150957e-14
8.596060198590518e-14
8.594141788183497e-14
8.59224291239151e-14
8.590364965954946e-14
8.588509241352528e-14
8.586676923083446e-14
8.584869083047649e-14
8.583086676400618e-14
8.581330538771e-14
8.579601383905577e-14
8.577899802555372e-14
8.576226262184446e-14
8.574581107398559e-14
8.572964561342834e-14
8.571376728209784e-14
8.569817595947873e-14
8.56828704002106e-14
8.566784828017771e-14
8.565310624574023e-14
8.563863996951056e-14
8.562444421201869e-14
8.56105128861785e-14
8.559683912583417e-14
8.558341535828275e-14
8.557023337545133e-14
8.555728441163844e-14
8.554455921617592e-14
8.553204812927132e-14
8.551974115642007e-14
8.550762804043641e-14
8.549569833261738e-14
8.548394145905556e-14
8.547234678869408e-14
8.546090368963527e-14
8.544960159085854e-14
8.543843003159096e-14
8.542737871114662e-14
8.541643753060531e-14
8.540559663229926e-14
8.539484643258092e-14
8.538417764848307e-14
8.537358132411592e-14
8.536304884483139e-14
8.5352571955203e-14
8.534214276479102e-14
8.533175375405203e-14
8.532139777558276e-14
8.531106805101196e-14
8.530075816508147e-14
8.529046205674065e-14
8.528017400954155e-14
8.526988863532481e-14
8.525960086370483e-14
8.524930592333342e-14
8.52389993253086e-14
8.522867684734915e-14
8.521833451620329e-14
8.520796858905719e-14
8.51975755416968e-14
8.518715204998678e-14
8.517669497608393e-14
8.51662013580578e-14
8.515566839709438e-14
8.514509345013826e-14
8.51344740206883e-14
8.512380775505839e-14
8.511309243648291e-14
8.510232598728384e-14
8.509150646507296e-14
8.508063206889603e-14
8.506970113976904e-14
8.50587121673147e-14
8.504766379547093e-14
8.503655483086847e-14
8.502538425096942e-14
8.501415121277199e-14
8.500285506444334e-14
8.499149535185162e-14
8.498007183306607e-14
8.496858448492895e-14
8.495703351371447e-14
8.494541936282037e-14
8.493374272169756e-14
8.492200453286087e-14
8.491020599589414e-14
8.489834857447796e-14
8.488643399582245e-14
8.487446425664682e-14
8.486244161948834e-14
8.485036861189404e-14
8.483824802304138e-14
8.48260828988155e-14
8.48138765331446e-14
8.480163246302481e-14
8.47893544558928e-14
8.477704649699534e-14
8.476471278094134e-14
8.475235769370743e-14
8.473998579820273e-14
8.47276018192699e-14
8.471521062477897e-14
8.470281720722396e-14
8.469042666777011e-14
8.467804419342865e-14
8.46656750412824e-14
8.465332451568161e-14
8.464099794967655e-14
8.462870068404697e-14
8.461643804848474e-14
8.460421534088772e-14
8.459203780661216e-14
8.457991062188405e-14
8.456783887116547e-14
8.455582753144896e-14
8.45438814521152e-14
8.453200533705917e-14
8.452020372591717e-14
8.450848097878776e-14
8.449684125742283e-14
8.448528850734056e-14
8.447382644454853e-14
8.446245853585017e-14
8.445118798608219e-14
8.444001772027557e-14
8.442895037024379e-14
8.441798825751898e-14
8.440713338218305e-14
8.439638740718275e-14
8.43857516452279e-14
8.437522705013882e-14
8.436481420300755e-14
8.435451330602565e-14
8.434432417445028e-14
8.433424623365391e-14
8.432427851420588e-14
8.431441965388004e-14
8.430466790143566e-14
8.429502112720127e-14
8.428547683529929e-14
8.427603217655167e-14
8.426668397321247e-14
8.425742874449718e-14
8.424826273554398e-14
8.423918195219204e-14
8.42301822002041e-14
8.422125912578152e-14
8.421240825798558e-14
8.420362505722121e-14
8.419490495404995e-14
8.418624340363445e-14
8.417763592670738e-14
8.416907814973462e-14
8.416056584183446e-14
8.415209493360453e-14
8.414366157563637e-14
8.413526215436475e-14
8.412689329553334e-14
8.411855186560188e-14
8.411023499199267e-14
8.410194011742407e-14
8.409366492164727e-14
8.408540728707428e-14
8.407716543674397e-14
8.406893780500559e-14
8.406072297151865e-14
8.405251983179695e-14
8.40443274307114e-14
8.403614491561458e-14
8.402797172936208e-14
8.401980732338306e-14
8.401165135485551e-14
8.400350356350591e-14
8.399536376094639e-14
8.398723189988542e-14
8.397910791867163e-14
8.397099191090263e-14
8.396288392157304e-14
8.395478412678028e-14
8.394669265579577e-14
8.393860972591239e-14
8.393053552928139e-14
8.392247029836671e-14
8.391441426527898e-14
8.390636766619017e-14
8.389833074634162e-14
8.38903037477783e-14
8.388228690306857e-14
8.387428045887531e-14
8.386628463279436e-14
8.385829964739506e-14
8.385032573250384e-14
8.384236306850788e-14
8.383441187111711e-14
8.382647232399479e-14
8.381854458353881e-14
8.381062884819126e-14
8.380272525548715e-14
8.379483393736127e-14
8.378695506872381e-14
8.377908875213603e-14
8.37712350908624e-14
8.376339422818262e-14
8.375556625038396e-14
8.374775122726288e-14
8.373994926267015e-14
8.373216044805616e-14
8.372438481486384e-14
8.371662242414e-14
8.37088733782866e-14
8.370113768185949e-14
8.369341536850493e-14
8.368570648915798e-14
8.367801109671084e-14
8.367032917699368e-14
8.36626607479002e-14
8.365500584700467e-14
8.364736448924743e-14
8.36397366521956e-14
8.363212233670426e-14
8.362452156072115e-14
8.361693432566959e-14
8.360936059553451e-14
8.360180035696967e-14
8.314430289588411e-14
8.273064623735258e-14
8.235114795803321e-14
8.19994265890434e-14
8.167110753895044e-14
8.136300092563037e-14
8.107266587578533e-14
8.079816457118507e-14
8.053791614914001e-14
8.029060231184636e-14
8.005510571696507e-14
7.983046571957367e-14
7.96158473069327e-14
7.941051773661465e-14
7.921382859382975e-14
7.90252030524814e-14
7.884412374654891e-14
7.867012474111316e-14
7.85027846618445e-14
7.834172033057482e-14
7.818658222964119e-14
7.803705079263655e-14
7.789283197745046e-14
7.77536554456763e-14
7.761927157506279e-14
7.748944912629688e-14
7.736397336914972e-14
7.724264491625767e-14
7.712527791699429e-14
7.701169876357086e-14
7.690174504775005e-14
7.679526456794998e-14
7.669211444230899e-14
7.659216028231825e-14
7.649527558068292e-14
7.640134103168542e-14
7.631024390148485e-14
7.622187755120265e-14
7.613614096621264e-14
7.60529383329375e-14
7.597217865221874e-14
7.589377538775848e-14
7.58176461483041e-14
7.574371239355478e-14
7.567189916707914e-14
7.560213485120463e-14
7.553435094487618e-14
7.546848185589117e-14
7.540446471341866e-14
7.534223919289792e-14
7.528174735660315e-14
7.52229335088314e-14
7.516574405919808e-14
7.511012739784255e-14
7.505603377997809e-14
7.500341522372986e-14
7.49522254100623e-14
7.49024195908119e-14
7.485395450736852e-14
7.480678833239464e-14
7.47608805752022e-14
7.471619202702174e-14
7.467268470367334e-14
7.463032178778708e-14
7.458906758276193e-14
7.454888746578643e-14
7.450974784579665e-14
7.447161612394358e-14
7.443446065919874e-14
7.439825073623331e-14
7.436295653406327e-14
7.432854909927994e-14
7.429500031965324e-14
7.426228289924145e-14
7.423037033914238e-14
7.419923691389836e-14
7.416885765302301e-14
7.413920831984637e-14
7.411026539788185e-14
7.408200606746763e-14
7.4054408195822e-14
7.402745031864862e-14
7.400111162153938e-14
7.397537192401836e-14
7.395021166390517e-14
7.392561188238796e-14
7.390155420409656e-14
7.387802082388346e-14
7.385499448845132e-14
7.383245847918693e-14
7.38103965927963e-14
7.378879312483806e-14
7.376763285150518e-14
7.374690101030407e-14
7.372658328002426e-14
7.370666576179763e-14
7.368713496156577e-14
7.366797776875043e-14
7.364918143724602e-14
7.363073356615997e-14
7.361262207943799e-14
7.359483521051252e-14
7.357736148091015e-14
7.356018968437166e-14
7.354330886769201e-14
7.352670831882927e-14
7.351037754838535e-14
7.349430627749971e-14
7.347848442490993e-14
7.346290209433631e-14
7.344754956662475e-14
7.343241729196238e-14
7.341749588219986e-14
7.340277610375779e-14
7.338824887746954e-14
7.337390527635188e-14
7.335973652495894e-14
7.334573399969984e-14
7.333188923528584e-14
7.331819392789941e-14
7.330463994151822e-14
7.329121931691473e-14
7.327792427778125e-14
7.326474724356335e-14
7.325168083966739e-14
7.323871790956924e-14
7.322585152446717e-14
7.321307499854745e-14
7.32003819012818e-14
7.318776606852827e-14
7.317522161647718e-14
7.316274295085855e-14
7.315032477869808e-14
7.313796211950837e-14
7.312565031211985e-14
7.311338502086024e-14
7.310116224193059e-14
7.308897830732975e-14
7.307682988595649e-14
7.306471398199709e-14
7.305262793220465e-14
7.304056940238884e-14
7.302853637837585e-14
7.301652715710964e-14
7.300454033330977e-14
7.299257478461113e-14
7.298062965785017e-14
7.296870434751145e-14
7.295679847506102e-14
7.294491186616252e-14
7.293304452894341e-14
7.292119662498733e-14
7.290936844499325e-14
7.289756038015247e-14
7.288577289209567e-14
7.287400648864366e-14
7.286226169184915e-14
7.285053901106687e-14
7.283883891336823e-14
7.282716180112243e-14
7.281550798360636e-14
7.280387765431041e-14
7.279227086796536e-14
7.278068752354288e-14
7.276912734546538e-14
7.27575898697665e-14
7.274607443228859e-14
7.273458015923153e-14
7.272310596525508e-14
7.271165054847509e-14
7.270021239435945e-14
7.268878977762295e-14
7.267738077535993e-14
7.266598327519345e-14
7.265459499393906e-14
7.264321349193537e-14
7.263183620037836e-14
7.262046044254258e-14
7.260908346178173e-14
7.259770245350415e-14
7.258631459368539e-14
7.257491707747285e-14
7.256350715199978e-14
7.25520821557764e-14
7.254063955297927e-14
7.252917697615166e-14
7.251769226262679e-14
7.250618349365442e-14
7.249464903220702e-14
7.248308755809167e-14
7.247149810673235e-14
7.245988010054247e-14
7.244823338231811e-14
7.243655824125354e-14
7.242485544371782e-14
7.24131262545387e-14
7.240137245853804e-14
7.238959637478997e-14
7.237780087309944e-14
7.236598938165778e-14
7.235416589273242e-14
7.234233496431025e-14
7.233050171527208e-14
7.231867182070762e-14
7.230685149999027e-14
7.229504750123035e-14
7.228326708041482e-14
7.227151797985448e-14
7.225980840029565e-14
7.224814696955668e-14
7.223654270933742e-14
7.22250049945209e-14
7.221354351545566e-14
7.220216823440395e-14
7.219088933879332e-14
7.217971719194438e-14
7.216866228595883e-14
7.215773518972051e-14
7.214694649668992e-14
7.213630677062885e-14
7.212582649355968e-14
7.211551601314732e-14
7.210538548886225e-14
7.20954448406061e-14
7.208570369576735e-14
7.207617134170918e-14
7.20668566782755e-14
7.205776817127891e-14
7.204891380923985e-14
7.204030106314043e-14
7.203193684981558e-14
7.202382749723429e-14
7.20159787133987e-14
7.20083955586265e-14
7.200108242446704e-14
7.199404301160479e-14
7.198728031604888e-14
7.198079661602268e-14
7.197459346412761e-14
7.196867168561498e-14
7.196303137708188e-14
7.195767191083161e-14
7.195259194007311e-14
7.194778941452875e-14
7.194326159163218e-14
7.193900505474252e-14
7.19350157337729e-14
7.193128892574556e-14
7.192781932457038e-14
7.192460104479462e-14
7.19216276516773e-14
7.191889219028035e-14
7.191638722152995e-14
7.19141048465842e-14
7.191203674716502e-14
7.19101742137816e-14
7.190850818334688e-14
7.190702926915408e-14
7.19057277941897e-14
7.190459382315408e-14
7.190361719120596e-14
7.190278753663115e-14
7.190209432860944e-14
7.190152689459589e-14
7.190107444449787e-14
7.190072609753687e-14
7.190047090533073e-14
7.190029787212058e-14
7.19001959765877e-14
7.190015418933964e-14
7.190016149056295e-14
7.190020688855406e-14
7.190027943279793e-14
7.190036822894975e-14
7.190046245110118e-14
7.190055135710179e-14
7.1900624298544e-14
7.190067073417148e-14
7.190068023682026e-14
7.19006425112915e-14
7.190054740292338e-14
7.190038490813837e-14
7.190014518843203e-14
7.18998185796831e-14
7.189939560909464e-14
7.189886700711831e-14
7.189822372309443e-14
7.189745693870894e-14
7.189655808666291e-14
7.189551886833449e-14
7.189433127100435e-14
7.189298758873099e-14
7.189148044189192e-14
7.188980279853338e-14
7.188794799902301e-14
7.188590977766382e-14
7.188368228616632e-14
7.188126011730053e-14
7.187863833275079e-14
7.187581248536142e-14
7.187277864498694e-14
7.186953341605138e-14
7.186607397782642e-14
7.186239809331017e-14
7.185850413510529e-14
7.18543911061723e-14
7.185005865731557e-14
7.184550710606813e-14
7.184073745007897e-14
7.18357513799862e-14
7.183055128583242e-14
7.18251402661756e-14
7.18195221297194e-14
7.18137013939934e-14
7.18076832794031e-14
7.180147370196172e-14
7.179507926079618e-14
7.178850721972371e-14
7.178176548709282e-14
7.177486258840868e-14
7.17678076371345e-14
7.176061030217175e-14
7.175328076779217e-14
7.174582969188516e-14
7.173826815873064e-14
7.17306076322843e-14
7.172285990133024e-14
7.171503702499712e-14
7.170715127318458e-14
7.169921506593728e-14
7.169124091324213e-14
7.168324134989141e-14
7.167522887106316e-14
7.16672158651108e-14
7.165921455266577e-14
7.16512369188192e-14
7.164329465038136e-14
7.163539907086609e-14
7.16275610846756e-14
7.161979111431339e-14
7.161209904718506e-14
7.160449418165099e-14
7.15969851767529e-14
7.158958001043336e-14
7.158228593499596e-14
7.157510944194074e-14
7.15680562274513e-14
7.156113116893155e-14
7.15543383003593e-14
7.154768079621647e-14
7.154116096075116e-14
7.153478021874595e-14
7.152853912075054e-14
7.152243734417804e-14
7.151647370657507e-14
7.151064617798711e-14
7.150495190710441e-14
7.149938724545449e-14
7.14939477806742e-14
7.148862837106919e-14
7.148342318963692e-14
7.147832576847431e-14
7.147332904818594e-14
7.146842543247524e-14
7.14636068417614e-14
7.145886477677289e-14
7.145419037804488e-14
7.144957449134712e-14
7.144500773039842e-14
7.14404805477539e-14
7.143598329896949e-14
7.143150631219406e-14
7.142703995107931e-14
7.142257468579149e-14
7.141810115431e-14
7.141361022586047e-14
7.140909306105255e-14
7.140454116696454e-14
7.139994645386788e-14
7.139530128435484e-14
7.139059851820289e-14
7.138583155231623e-14
7.138099436043498e-14
7.137608152255446e-14
7.137108825001349e-14
7.136601040839112e-14
7.136084452849079e-14
7.13555878203944e-14
7.135023817333482e-14
7.134479415670268e-14
7.133925500827955e-14
7.133362062703797e-14
7.132789155228031e-14
7.13220689423238e-14
7.131615454622382e-14
7.131015067565043e-14
7.130406016881433e-14
7.129788635393022e-14
7.129163300918367e-14
7.128530431846522e-14
7.127890483133416e-14
7.127243941587831e-14
7.126591321480225e-14
7.125933159697085e-14
7.125270011670952e-14
7.124602446889268e-14
7.123931044493302e-14
7.12325638955667e-14
7.122579068855861e-14
7.121899667761632e-14
7.121218766893971e-14
7.120536939173119e-14
7.119854747103526e-14
7.119172740870628e-14
7.118491456377178e-14
7.117811413799505e-14
7.117133116260373e-14
7.116457049440419e-14
7.115783680975338e-14
7.115113460376919e-14
7.114446819322016e-14
7.11378417183458e-14
7.113125915396327e-14
7.112472431679064e-14
7.111824087585635e-14
7.11118123631884e-14
7.110544218901448e-14
7.109913365362747e-14
7.109288996093873e-14
7.108671422901864e-14
7.108060950510343e-14
7.107457877463764e-14
7.106862497075864e-14
7.106275098258292e-14
7.105695965824281e-14
7.105125381163495e-14
7.104563622115304e-14
7.104010962932932e-14
7.10346767362581e-14
7.102934019601467e-14
7.102410260515506e-14
7.101896649156482e-14
7.101393430056096e-14
7.100900837583914e-14
7.100419094480631e-14
7.099948409597831e-14
7.099488975799122e-14
7.099040967425342e-14
7.098604538271081e-14
7.098179818949474e-14
7.097766914439127e-14
7.097365901473216e-14
7.096976826466152e-14
7.096599703058471e-14
7.096234509909843e-14
7.095881188786503e-14
7.095539642489392e-14
7.095209733572612e-14
7.094891282863522e-14
7.09458406844834e-14
7.094287824665142e-14
7.09400224196514e-14
7.093726966672111e-14
7.093461601181983e-14
7.093205704640756e-14
7.092958793646808e-14
7.092720343848441e-14
7.092489791509738e-14
7.092266535557724e-14
7.092049939737822e-14
7.091839335577126e-14
7.091634025355218e-14
7.091433285395555e-14
7.09123636950487e-14
7.091042513084189e-14
7.090850937162781e-14
7.090660852593737e-14
7.090471464716155e-14
7.090281977708058e-14
7.090091599629589e-14
7.08989954715919e-14
7.08970505051203e-14
7.089507358181037e-14
7.089305742064482e-14
7.089099502258537e-14
7.088887971759456e-14
7.088670521245412e-14
7.088446563339821e-14
7.08821555714067e-14
7.087977012338354e-14
7.087730493015589e-14
7.087475621013926e-14
7.087212079487295e-14
7.086939615754273e-14
7.0866580438236e-14
7.086367246384655e-14
7.086067176823609e-14
7.085757860406366e-14
7.085439395147372e-14
7.085111952255786e-14
7.084775775776078e-14
7.084431182283133e-14
7.084078559714612e-14
7.083718365713969e-14
7.083351125348796e-14
7.082977428745627e-14
7.082597927858972e-14
7.082213332847899e-14
7.081824407839947e-14
7.081431966568939e-14
7.08103686730525e-14
7.080640007413838e-14
7.080242317654483e-14
7.079844755802071e-14
7.079448300408827e-14
7.079053944039357e-14
7.078662686277953e-14
7.078275526414394e-14
7.077893456347083e-14
7.077517453150489e-14
7.077148471608554e-14
7.076787436882843e-14
7.076435236980514e-14
7.076092715770442e-14
7.075760665928668e-14
7.075439822146526e-14
7.075130854491739e-14
7.074834362461032e-14
7.074550869282138e-14
7.074280816575825e-14
7.074024559449017e-14
7.073782362460808e-14
7.073554395989714e-14
7.073340733109825e-14
7.073141347366792e-14
7.072956110901241e-14
7.072784793643743e-14
7.072627063122577e-14
7.072482484859389e-14
7.072350523505291e-14
7.072230544880957e-14
7.072121818760696e-14
7.072023522098948e-14
7.071934743171569e-14
7.071854486184129e-14
7.071781676684268e-14
7.071715167595592e-14
7.07165374551803e-14
7.071596137650943e-14
7.071541019157475e-14
7.071487021026696e-14
7.071432737962397e-14
7.071376736642436e-14
7.071317564060514e-14
7.071253756343007e-14
7.071183847060816e-14
7.071106375833124e-14
7.071019896765176e-14
7.070922986580196e-14
7.070814252950911e-14
7.07069234201274e-14
7.07055594594448e-14
7.0704038097148e-14
7.070234737706003e-14
7.070047600734208e-14
7.06984134086436e-14
7.069614976488951e-14
7.069367607340229e-14
7.069098418257278e-14
7.068806682717139e-14
7.068491765736128e-14
7.068153125982046e-14
7.067790317761755e-14
7.067402992083982e-14
7.066990897269934e-14
7.06655387893247e-14
7.066091879634657e-14
7.065604938057076e-14
7.06509318741644e-14
7.064556853726677e-14
7.063996253499887e-14
7.063411790960144e-14
7.06280395527038e-14
7.062173316975642e-14
7.061520523839005e-14
7.060846298316618e-14
7.060151432355022e-14
7.059436782734373e-14
7.058703266677799e-14
7.057951856829514e-14
7.05718357649097e-14
7.056399494348831e-14
7.055600719119353e-14
7.054788394302853e-14
7.053963692559705e-14
7.053127810196622e-14
7.052281961777547e-14
7.05142737431947e-14
7.05056528175737e-14
7.04969691919366e-14
7.048823517558781e-14
7.047946298060712e-14
7.04706646644196e-14
7.046185207658472e-14
7.04530368047355e-14
7.044423012582527e-14
7.043544295352989e-14
7.042668578986913e-14
7.041796867647625e-14
7.040930115146109e-14
7.040069220635052e-14
7.039215024530355e-14
7.038368304658254e-14
7.037529772859816e-14
7.036700071987001e-14
7.03587977292203e-14
7.035069372251289e-14
7.034269290227586e-14
7.033479868994187e-14
7.032701371738742e-14
7.031933981745118e-14
7.031177802229972e-14
7.030432856405091e-14
7.029699088790309e-14
7.028976365717962e-14
7.02826447730005e-14
7.02756314015926e-14
7.026871999812812e-14
7.026190634370615e-14
7.025518558174523e-14
7.024855226239197e-14
7.024200038859347e-14
7.023552347251495e-14
7.022911459139548e-14
7.022276644928386e-14
7.021647144109859e-14
7.021022172350127e-14
7.020400928651814e-14
7.019782602726641e-14
7.019166382789735e-14
7.018551463221196e-14
7.017937052720487e-14
7.017322382346234e-14
7.016706713569556e-14
7.016089346092241e-14
7.015469625920579e-14
7.014846953166054e-14
7.01422078945263e-14
7.013590665001949e-14
7.012956185670353e-14
7.01231703940914e-14
7.01167300210383e-14
7.011023943109235e-14
7.01036982991749e-14
7.009710732464911e-14
7.009046826633615e-14
7.008378396902843e-14
7.007705838144188e-14
7.007029656775059e-14
7.006350471048484e-14
7.005669010108696e-14
7.004986112458263e-14
7.004302723194576e-14
7.003619890455412e-14
7.002938760960734e-14
7.002260574389954e-14
7.001586656800276e-14
7.00091841331196e-14
7.000257319911245e-14
6.99960491418608e-14
6.998962785343275e-14
6.998332563566738e-14
6.997715908797022e-14
6.997114498640537e-14
6.996530016062608e-14
6.995964136412298e-14
6.995418514340796e-14
6.994894770634627e-14
6.99439447866751e-14
6.993919150976343e-14
6.993470226130014e-14
6.993049055923547e-14
6.992656892688156e-14
6.99229487747152e-14
6.991964028564551e-14
6.991665230972262e-14
6.991399226916671e-14
6.99116660703172e-14
6.990967802725796e-14
6.990803079817582e-14
6.990672533531552e-14
6.990576084549387e-14
6.990513476534778e-14
6.990484275176274e-14
6.990487868753652e-14
6.990523469896855e-14
6.990590119054702e-14
6.990686689208194e-14
6.990811892134565e-14
6.990964286151158e-14
6.991142284828549e-14
6.991344167063714e-14
6.991568088321782e-14
6.991812092959834e-14
6.992074127250675e-14
6.992352053156686e-14
6.99264366285906e-14
6.992946693815681e-14
6.993258843869144e-14
6.993577786804839e-14
6.993901187573853e-14
6.994226717633729e-14
6.994552070035977e-14
6.99487497373459e-14
6.9951932074063e-14
6.995504612580595e-14
6.99580710602713e-14
6.996098690767566e-14
6.996377466317585e-14
6.996641637546969e-14
6.996889522342216e-14
6.997119558182234e-14
6.997330306974652e-14
6.997520458716533e-14
6.997688833764273e-14
6.99783438391366e-14
6.997956191902064e-14
6.998053469672834e-14
6.998125555504324e-14
6.998171910210576e-14
6.998192111878614e-14
6.99818585001397e-14
6.99815291865556e-14
6.998093208891455e-14
6.998006700948922e-14
6.997893455596263e-14
6.997753605282817e-14
6.997587345134567e-14
6.997394924167605e-14
6.997176636131193e-14
6.996932810871774e-14
6.996663805859427e-14
6.996369998190543e-14
6.996051777275397e-14
6.995709537897706e-14
6.99534367396218e-14
6.99495457305256e-14
6.99454261197441e-14
6.994108152785742e-14
6.993651539770977e-14
6.993173097286039e-14
6.992673128683417e-14
6.992151915659108e-14
6.991609718699013e-14
6.991046778142287e-14
6.990463316004593e-14
6.98985953870183e-14
6.98923564003838e-14
6.988591804879517e-14
6.987928213321799e-14
6.987245045407947e-14
6.986542485876442e-14
6.985820729424534e-14
6.985079985893574e-14
6.984320485717656e-14
6.98354248558125e-14
6.982746273634596e-14
6.981932174744759e-14
6.981100555577756e-14
6.980251829685604e-14
6.97938646184582e-14
6.978504972246114e-14
6.977607940289901e-14
6.976696008120234e-14
6.975769883277898e-14
6.974830341153008e-14
6.973878226708029e-14
6.972914455757115e-14
6.97194001575082e-14
6.970955965729769e-14
6.96996343576736e-14
6.968963625787091e-14
6.967957804025894e-14
6.966947304532971e-14
6.965933524184071e-14
6.964917919145425e-14
6.963902000973213e-14
6.962887331779511e-14
6.961875519184147e-14
6.960868210582318e-14
6.959867086995436e-14
6.958873856773773e-14
6.95789024850005e-14
6.956918003718159e-14
6.955958869366366e-14
6.955014590195137e-14
6.9540869005547e-14
6.953177516410509e-14
6.952288127059354e-14
6.951420386863308e-14
6.95057590732698e-14
6.949756248861305e-14
6.948962912885546e-14
6.948197334138636e-14
6.947460873553994e-14
6.946754811106854e-14
6.946080339236084e-14
6.945438556721604e-14
6.944830463364752e-14
6.94425695477933e-14
6.943718818215878e-14
6.943216728784653e-14
6.94275124645581e-14
6.942322814077185e-14
6.941931755702214e-14
6.941578275889557e-14
6.94126245974398e-14
6.940984273949142e-14
6.940743568179668e-14
6.940540077530052e-14
6.94037342550097e-14
6.940243127709727e-14
6.940148596463929e-14
6.94008914558112e-14
6.940063995881958e-14
6.940072281097176e-14
6.94011305450054e-14
6.940185295429599e-14
6.940287916256335e-14
6.940419769475439e-14
6.940579655182395e-14
6.940766328109871e-14
6.940978504935222e-14
6.941214871225846e-14
6.941474088228267e-14
6.941754799611705e-14
6.942055637438729e-14
6.942375227860614e-14
6.94271219629779e-14
6.943065172359158e-14
6.943432793732031e-14
6.943813709667473e-14
6.944206583736587e-14
6.944610096247044e-14
6.945022945497303e-14
6.945443848774917e-14
6.945871542445388e-14
6.946304781482796e-14
6.946742338767977e-14
6.947183003336069e-14
6.947625578436423e-14
6.948068879008825e-14
6.948511729243927e-14
6.948952959330176e-14
6.949391402395073e-14
6.949825891156504e-14
6.950255254549795e-14
6.950678314854723e-14
6.95109388443251e-14
6.951500763003087e-14
6.951897735132225e-14
6.952283568481346e-14
6.952657012149574e-14
6.953016795677903e-14
6.953361628565605e-14
6.953690200907157e-14
6.954001184041744e-14
6.954293232285007e-14
6.954564985287844e-14
6.954815070871834e-14
6.95504210911649e-14
6.955244716437308e-14
6.955421510677855e-14
6.955571116369104e-14
6.955692171218597e-14
6.955783332100774e-14
6.955843282326045e-14
6.955870738530959e-14
6.955864457836233e-14
6.955823245623325e-14
6.955745962795872e-14
6.955631533356741e-14
6.95547895136336e-14
6.95528728844791e-14
6.95505570039458e-14
6.954783433662371e-14
6.954469831243779e-14
6.954114338462648e-14
6.953716507931326e-14
6.953276003984997e-14
6.952792606673924e-14
6.952266214804121e-14
6.951696848740641e-14
6.95108465239213e-14
6.950429894418926e-14
6.949732968836917e-14
6.948994395048706e-14
6.94821481733485e-14
6.947395003443004e-14
6.946535842826377e-14
6.94563834418027e-14
6.944703632390177e-14
6.943732945385696e-14
6.942727629978735e-14
6.941689137629581e-14
6.940619019501954e-14
6.939518921731448e-14
6.938390579755032e-14
6.937235812393481e-14
6.936056516780423e-14
6.934854661554713e-14
6.9336322805372e-14
6.932391466358072e-14
6.931134363984348e-14
6.929863163742292e-14
6.928580094901315e-14
6.927287418679158e-14
6.92598742142633e-14
6.924682407487745e-14
6.923374692502819e-14
6.922066596326266e-14
6.920760435998008e-14
6.919458518488502e-14
6.918163133768717e-14
6.916876547596279e-14
6.915600994123282e-14
6.914338668681439e-14
6.913091720166163e-14
6.911862243588649e-14
6.910652272537182e-14
6.909463771318148e-14
6.908298627056287e-14
6.90715864183449e-14
6.906045524832528e-14
6.904960884144059e-14
6.903906218886487e-14
6.902882911159048e-14
6.90189221818027e-14
6.900935264853693e-14
6.900013036210763e-14
6.899126370354379e-14
6.898275951855348e-14
6.89746230590165e-14
6.896685792743316e-14
6.895946603119286e-14
6.895244754428345e-14
6.894580088274343e-14
6.893952268607204e-14
6.893360781440498e-14
6.892804935674458e-14
6.892283865320364e-14
6.891796533532399e-14
6.891341737683469e-14
6.890918116196286e-14
6.890524156879378e-14
6.890158207117936e-14
6.889818485163454e-14
6.889503093160914e-14
6.889210031472458e-14
6.888937214213795e-14
6.888682486316846e-14
6.888443641094803e-14
6.888218438938163e-14
6.888004626444108e-14
6.887799956331898e-14
6.887602207171844e-14
6.887409203187332e-14
6.887218833723342e-14
6.887029072545974e-14
6.886837995806769e-14
6.886643799431914e-14
6.886444815060374e-14
6.886239524482913e-14
6.88602657284775e-14
6.885804779521945e-14
6.88557314729109e-14
6.885330869295148e-14
6.885077334195844e-14
6.884812128667889e-14
6.884535037846206e-14
6.884246043433456e-14
6.883945320018266e-14
6.883633228804971e-14
6.883310309618072e-14
6.882977271020756e-14
6.882634978584458e-14
6.88228444220282e-14
6.881926801462886e-14
6.881563310341483e-14
6.881195320859675e-14
6.880824266555502e-14
6.88045164510828e-14
6.880079001112477e-14
6.879707908885609e-14
6.87933995549809e-14
6.878976724649493e-14
6.878619780793793e-14
6.87827065429344e-14
6.877930827369476e-14
6.877601721492863e-14
6.877284685418991e-14
6.8769809845205e-14
6.876691791294825e-14
6.876418177262128e-14
6.876161105539531e-14
6.875921424809015e-14
6.875699864133986e-14
6.875497028560686e-14
6.87531339606596e-14
6.875149314529052e-14
6.87500499973643e-14
6.874880533672161e-14
6.874775863639013e-14
6.874690801273667e-14
6.874625022049884e-14
6.874578065109257e-14
6.874549333003882e-14
6.874538092234499e-14
6.874543473431713e-14
6.874564472093008e-14
6.874599949487286e-14
6.87464863437417e-14
6.874709124741755e-14
6.874779890415921e-14
6.874859276178578e-14
6.874945506268332e-14
6.875036689222837e-14
6.875130824200708e-14
6.87522580840597e-14
6.875319445691474e-14
6.875409456977365e-14
6.875493491593827e-14
6.875569140370252e-14
6.875633949977967e-14
6.875685439125089e-14
6.875721115622779e-14
6.875738494889226e-14
6.875735119409931e-14
6.875708579527648e-14
6.875656534360464e-14
6.875576733519924e-14
6.875467038877822e-14
6.87532544607379e-14
6.875150106054852e-14
6.874939345279514e-14
6.874691685155003e-14
6.874405859824494e-14
6.874080832669352e-14
6.873715810227578e-14
6.873310254157466e-14
6.87286389049284e-14
6.872376716027218e-14
6.871849002168677e-14
6.871281295248621e-14
6.87067441390013e-14
6.870029443085957e-14
6.869347725418225e-14
6.868630848877273e-14
6.867880631850988e-14
6.867099105231684e-14
6.866288492401093e-14
6.865451186429483e-14
6.86458972561967e-14
6.863706767408078e-14
6.862805060830282e-14
6.861887418629439e-14
6.860956688437106e-14
6.860015724183273e-14
6.859067357714604e-14
6.858114371701592e-14
6.857159473151735e-14
6.856205268873308e-14
6.85525424273595e-14
6.854308734995499e-14
6.853370924633591e-14
6.852442813783607e-14
6.851526215450429e-14
6.850622743939907e-14
6.849733808940436e-14
6.848860612104747e-14
6.848004147122833e-14
6.847165202490327e-14
6.846344367710588e-14
6.84554204161773e-14
6.844758443539054e-14
6.843993626588486e-14
6.843247492769655e-14
6.84251981018659e-14
6.841810230982284e-14
6.841118310513985e-14
6.84044352686176e-14
6.839785301014424e-14
6.839143016359685e-14
6.838516037950292e-14
6.837903730883921e-14
6.837305477348242e-14
6.836720692741442e-14
6.836148839574041e-14
6.835589439805061e-14
6.835042084908324e-14
6.834506444287708e-14
6.833982270950613e-14
6.833469405205298e-14
6.832967775967876e-14
6.832477400383979e-14
6.831998380869271e-14
6.831530900610129e-14
6.8310752172839e-14
6.830631655147567e-14
6.830200596375491e-14
6.829782470880809e-14
6.82937774568153e-14
6.828986913647214e-14
6.828610482516941e-14
6.828248963479797e-14
6.827902860366652e-14
6.827572659146925e-14
6.827258818709021e-14
6.826961761907265e-14
6.826681868050211e-14
6.826419466382963e-14
6.826174830593002e-14
6.825948175053697e-14
6.825739651604947e-14
6.825549347814898e-14
6.825377285985154e-14
6.825223423580979e-14
6.825087653796884e-14
6.82496980710541e-14
6.824869653056823e-14
6.824786902197942e-14
6.824721208539918e-14
6.824672171283254e-14
6.824639336646668e-14
6.824622198942083e-14
6.824620201701282e-14
6.824632737598206e-14
6.824659147986009e-14
6.82469872155756e-14
6.824750692876436e-14
6.824814239679883e-14
6.82488848015976e-14
6.824972469704571e-14
6.825065197368072e-14
6.825165582830397e-14
6.825272473043955e-14
6.825384639637654e-14
6.825500776737044e-14
6.825619500239549e-14
6.825739347588307e-14
6.825858779267551e-14
6.825976181661343e-14
6.826089871432028e-14
6.826198102110842e-14
6.826299071991708e-14
6.826390934111398e-14
6.826471807800518e-14
6.826539792515798e-14
6.82659298257813e-14
6.826629483778581e-14
6.826647430775138e-14
6.826645006051067e-14
6.826620458836446e-14
6.82657212469145e-14
6.826498444980816e-14
6.826397985743374e-14
6.826269456328138e-14
6.826111726316772e-14
6.825923841354088e-14
6.825705036815792e-14
6.825454750066294e-14
6.825172629737315e-14
6.824858542812454e-14
6.8245125787387e-14
6.824135051281219e-14
6.823726496980195e-14
6.82328767046519e-14
6.822819539200956e-14
6.822323272124857e-14
6.821800228304662e-14
6.821251942332917e-14
6.820680108015353e-14
6.820086559898297e-14
6.819473253946901e-14
6.818842246536522e-14
6.818195672824023e-14
6.817535724702625e-14
6.816864628301515e-14
6.816184622084923e-14
6.815497935059112e-14
6.814806765761449e-14
6.814113262061276e-14
6.813419502394321e-14
6.81272747822065e-14
6.812039077867273e-14
6.811356072019467e-14
6.810680100979621e-14
6.810012663852114e-14
6.809355109215594e-14
6.808708627908205e-14
6.808074247582997e-14
6.807452828902812e-14
6.806845066187648e-14
6.806251480899485e-14
6.805672429542985e-14
6.805108104992265e-14
6.804558541716133e-14
6.80402362211907e-14
6.803503084423372e-14
6.802996531985729e-14
6.802503443537253e-14
6.802023184738956e-14
6.801555020624331e-14
6.801098128536156e-14
6.800651611711154e-14
6.800214513036714e-14
6.799785829224295e-14
6.799364524243031e-14
6.798949542535175e-14
6.798539820963889e-14
6.798134300673607e-14
6.797731936353604e-14
6.797331704039978e-14
6.796932606963295e-14
6.796533678683293e-14
6.796133984105362e-14
6.795732617433085e-14
6.795328697376647e-14
6.79492135938675e-14
6.794509745452999e-14
6.794092991375189e-14
6.79367021171242e-14
6.793240483316599e-14
6.792802827621414e-14
6.792356192665489e-14
6.791899435703474e-14
6.791431306750288e-14
6.790950434449323e-14
6.790455314847517e-14
6.789944304390334e-14
6.789415617110771e-14
6.788867327393501e-14
6.788297378421036e-14
6.787703597263453e-14
6.787083715849725e-14
6.786435398655626e-14
6.785756276404127e-14
6.785043985321701e-14
6.784296211857828e-14
6.783510741022011e-14
6.782685508120352e-14
6.78181865219305e-14
6.780908570533242e-14
6.779953971966774e-14
6.77895392820369e-14
6.777907921332706e-14
6.776815886845249e-14
6.775678249703837e-14
6.77449595319634e-14
6.773270479051944e-14
6.77200385779685e-14
6.770698669322825e-14
6.769358032102774e-14
6.767985581636991e-14
6.766585437559722e-14
6.765162160455926e-14
6.763720697722823e-14
6.762266320268829e-14
6.760804550628698e-14
6.759341083597406e-14
6.757881701691615e-14
6.75643218600684e-14
6.754998225210263e-14
6.753585324064394e-14
6.752198714432893e-14
6.750843269723913e-14
6.749523425830572e-14
6.74824310998915e-14
6.747005680329689e-14
6.745813876747608e-14
6.744669785533627e-14
6.743574818638718e-14
6.742529708307621e-14
6.741534518406939e-14
6.74058867143282e-14
6.739690991819517e-14
6.738839764216583e-14
6.738032806348839e-14
6.737267553773165e-14
6.736541155341682e-14
6.735850576788887e-14
6.73519270942547e-14
6.734564481957951e-14
6.73396297112268e-14
6.733385509038957e-14
6.732829783409023e-14
6.732293928494845e-14
6.731776602914967e-14
6.731277052647625e-14
6.73079515647969e-14
6.730331453099548e-14
6.72988714743048e-14
6.729464096508528e-14
6.72906477449231e-14
6.72869221702345e-14
6.728349946922211e-14
6.728041881554944e-14
6.727772224988554e-14
6.727545346779575e-14
6.727365651217419e-14
6.727237439009181e-14
6.727164765773766e-14
6.727151300132393e-14
6.7272001858951e-14
6.727313910498051e-14
6.727494183981899e-14
6.727741831183732e-14
6.728056699657828e-14
6.728437586631223e-14
6.728882185668135e-14
6.729387055669505e-14
6.729947612493903e-14
6.73055814483093e-14
6.731211853112002e-14
6.731900912096274e-14
6.732616555921387e-14
6.73334918406833e-14
6.734088487506554e-14
6.734823591513901e-14
6.735543213898295e-14
6.736235835038071e-14
6.736889877734702e-14
6.737493892319113e-14
6.738036744614298e-14
6.738507802460238e-14
6.738897118191229e-14
6.739195602069598e-14
6.739395184150087e-14
6.739488960676409e-14
6.739471321513334e-14
6.739338056430252e-14
6.739086436315516e-14
6.738715267992181e-14
6.738224920161109e-14
6.737617320124655e-14
6.736895919382411e-14
6.73606562916232e-14
6.735132726201764e-14
6.734104730075508e-14
6.732990255131024e-14
6.731798838802982e-14
6.730540750948479e-14
6.729226787791402e-14
6.7278680561803e-14
6.726475752229667e-14
6.725060940742376e-14
6.72363434036989e-14
6.722206120850017e-14
6.720785716431017e-14
6.719381661182349e-14
6.718001449918956e-14
6.71665142793596e-14
6.715336712703881e-14
6.71406114775081e-14
6.712827289876292e-14
6.711636428150556e-14
6.710488633544331e-14
6.709382835062393e-14
6.708316919329355e-14
6.707287848648826e-14
6.706291792227978e-14
6.705324265960034e-14
6.704380274241653e-14
6.703454449569556e-14
6.702541184718878e-14
6.701634754384187e-14
6.700729422212988e-14
6.69981953215411e-14
6.698899582682514e-14
6.697964285081655e-14
6.697008605991372e-14
6.69602779749682e-14
6.695017417560445e-14
6.693973344248803e-14
6.692891788627821e-14
6.691769309155415e-14
6.690602832327101e-14
6.689389682098558e-14
6.688127621464553e-14
6.686814906450908e-14
6.685450353741524e-14
6.684033420330979e-14
6.682564293815454e-14
6.681043988677566e-14
6.679474444867904e-14
6.677858622765547e-14
6.67620058804863e-14
6.674505580602269e-14
6.672780059616368e-14
6.67103171927791e-14
6.66926946861862e-14
6.667503371561371e-14
6.665744542528109e-14
6.664004996658884e-14
6.662297454299404e-14
6.660635101595613e-14
6.659031312128838e-14
6.657499334815521e-14
6.656051957243617e-14
6.65470115391936e-14
6.65345773202256e-14
6.652330986239394e-14
6.65132837708629e-14
6.650455245560691e-14
6.649714578072556e-14
6.64910683237078e-14
6.648629835504506e-14
6.648278761262669e-14
6.648046191680002e-14
6.647922265080831e-14
6.647894907286192e-14
6.647950141225412e-14
6.648072464646721e-14
6.64824528405513e-14
6.648451387721863e-14
6.648673440679089e-14
6.648894481862112e-14
6.649098403194622e-14
6.649270392339051e-14
6.649397320159166e-14
6.649468059029416e-14
6.649473719744708e-14
6.649407800665571e-14
6.649266244760405e-14
6.64904740706576e-14
6.648751937336895e-14
6.64838258805816e-14
6.647943958383857e-14
6.647442188650041e-14
6.646884619501288e-14
6.646279429456292e-14
6.645635264842879e-14
6.64496087209025e-14
6.644264742594952e-14
6.643554776567224e-14
6.642837972229649e-14
6.64212014333953e-14
6.641405669850678e-14
6.640697285135625e-14
6.639995905962665e-14
6.63930051075757e-14
6.638608075474164e-14
6.637913576584374e-14
6.637210071290731e-14
6.636488865830011e-14
6.635739778493836e-14
6.634951502638373e-14
6.634112067842318e-14
6.633209392362501e-14
6.632231910020888e-14
6.631169248763019e-14
6.630012929146776e-14
6.628757044632808e-14
6.627398882381853e-14
6.625939439663027e-14
6.624383794975178e-14
6.622741296770837e-14
6.62102554327274e-14
6.619254136786254e-14
6.617448212436774e-14
6.615631755142265e-14
6.613830735734184e-14
6.612072109046506e-14
6.61038272991747e-14
6.608788248974766e-14
6.607312052184385e-14
6.605974306195348e-14
6.604791161054304e-14
6.603774151195029e-14
6.602929817908861e-14
6.602259560608816e-14
6.601759704956451e-14
6.601421763482099e-14
6.601232852833746e-14
6.601176227148093e-14
6.601231889811978e-14
6.6013772509514e-14
6.601587812049082e-14
6.601837871269899e-14
6.602101258174518e-14
6.602352113430458e-14
6.602565734267339e-14
6.602719497999381e-14
6.602793861684791e-14
6.602773408287763e-14
6.602647878723429e-14
6.602413101941396e-14
6.602071722553101e-14
6.601633548374095e-14
6.60111544944767e-14
6.600540695237691e-14
6.59993770392175e-14
6.599338250048606e-14
6.598775256543119e-14
6.598280371413593e-14
6.597881574906884e-14
6.597601071715822e-14
6.597453691879455e-14
6.597445955554115e-14
6.597575870854326e-14
6.597833443630917e-14
6.598201803158048e-14
6.598658796730896e-14
6.599178883694431e-14
6.599735162238241e-14
6.600301335855936e-14
6.600853622318594e-14
6.601372550929651e-14
6.601844166161015e-14
6.602261086163434e-14
6.602623187863853e-14
6.602937945072888e-14
6.603220416594048e-14
6.603492876227376e-14
6.60378405759732e-14
6.60412794958447e-14
6.60456202432326e-14
6.60512471895548e-14
6.605851958978039e-14
6.606772546477916e-14
6.607902396589426e-14
6.609237911454171e-14
6.610749219471818e-14
6.612374484999602e-14
6.614016873465794e-14
6.615545871705817e-14
6.616804358790633e-14
6.617622027401264e-14
6.617834494065894e-14
6.617305903375361e-14
6.615951360345894e-14
6.613754578171775e-14
6.610776143256803e-14
6.607149060074372e-14
6.603060693265239e-14
6.598723406257044e-14
6.594339290850068e-14
6.590066419552836e-14
6.58599424620777e-14
6.582133826020234e-14
6.578424823321758e-14
6.574756889245482e-14
6.570999395710422e-14
6.567032066142833e-14
6.562770425420366e-14
6.558183717839684e-14
6.553307298280651e-14
6.54825396854162e-14
6.54322695012172e-14
6.538530267908032e-14
6.534562064615594e-14
6.531767919938359e-14
6.53053263043159e-14
6.531009227848001e-14
6.532930054426475e-14
6.535514256169763e-14
6.537653717995833e-14
6.538553972404573e-14
6.538802555161228e-14
6.54133286210655e-14
6.551113459169973e-14
6.572382340465019e-14
6.604233004760112e-14
6.640823871954112e-14
6.693222248500036e-14