0.339647960570148
0.469471026210931
0.55936413931334
0.640378321165301
0.698849839493182
0.754392223449753
0.791132178261632
0.818252253909874
0.84218450504552
0.863016602868986
0.877607804796859
0.894405765327371
0.907217152101965
0.919275832929695
0.928663531446572
0.937240384284798
0.943319393839471
0.947595398303058
0.951078679052321
0.954198384931741
0.956959563645226
0.959636297825687
0.961801602480762
0.964008932695777
0.965942175845491
0.967972524545684
0.970007140909044
0.971540588056946
0.973076459372729
0.974408260317335
0.975685496818344
0.976795043701592
0.977811667062096
0.978904774429422
0.980112380080679
0.981567255170073
0.982683490772861
0.983725192564115
0.984754448601816
0.985805127896773
0.986772064018067
0.987688983615482
0.98874279389927
0.989525379637732
0.990393753127884
0.991279938168336
0.992081595329383
0.992696069040014
0.993259670941506
0.993802727542584
0.994302973149779
0.994764011422443
0.995168547252256
0.995610327606975
0.996052304079108
0.996494476755717
0.996896622249643
0.997258691950183
0.997580642079731
0.997862433702602
0.99814430492457
0.998426255768121
0.998627697988166
0.998788605901694
0.998909616469106
0.999030641697835
0.99915168158966
0.999272736146354
0.999353226562633
0.999393805369697
0.99943387337965
0.999514889261465
0.999554855808063
0.999619289247813
0.999675852881514
0.999724289075954
0.999765406471269
0.999806525557691
0.999853340114715
0.999894462817736
0.999926096817112
0.999958997238128
0.999983673264291
0.999991898741662
0.999999997639417
0.999999997569375
0.9999999974981
0.999999997425585
0.999999997351824
0.999999997276809
0.999999997200533
0.999999997122989
0.999999997044171
0.999999996964072
0.999999996882683
0.9999999968
0.999999996716014
0.99999999663072
0.99999999654411
0.999999996456178
0.999999996366917
0.99999999627632
0.999999996184381
0.999999996091094
0.999999995996451
0.999999995900446
0.999999995803074
0.999999995704326
0.999999995604198
0.999999995502682
0.999999995399772
0.999999995295462
0.999999995189746
0.999999995082617
0.999999994974069
0.999999994864096
0.999999994752692
0.99999999463985
0.999999994525565
0.99999999440983
0.999999994292639
0.999999994173987
0.999999994053866
0.999999993932272
0.999999993809198
0.999999993684638
0.999999993558586
0.999999993431037
0.999999993301984
0.999999993171422
0.999999993039345
0.999999992905746
0.999999992770621
0.999999992633963
0.999999992495767
0.999999992356027
0.999999992214737
0.999999992071891
0.999999991927484
0.999999991781511
0.999999991633965
0.999999991484841
0.999999991334134
0.999999991181837
0.999999991027946
0.999999990872454
0.999999990715357
0.999999990556648
0.999999990396323
0.999999990234375
0.9999999900708
0.999999989905592
0.999999989738745
0.999999989570255
0.999999989400115
0.999999989228321
0.999999989054867
0.999999988879748
0.999999988702959
0.999999988524494
0.999999988344348
0.999999988162515
0.999999987978991
0.999999987793771
0.999999987606849
0.999999987418219
0.999999987227878
0.999999987035819
0.999999986842037
0.999999986646528
0.999999986449286
0.999999986250307
0.999999986049584
0.999999985847114
0.999999985642891
0.999999985436909
0.999999985229165
0.999999985019652
0.999999984808367
0.999999984595303
0.999999984380457
0.999999984163823
0.999999983945396
0.999999983725171
0.999999983503143
0.999999983279308
0.99999998305366
0.999999982826196
0.999999982596909
0.999999982365795
0.999999982132849
0.999999981898067
0.999999981661443
0.999999981422973
0.999999981182652
0.999999980940475
0.999999980696438
0.999999980450536
0.999999980202763
0.999999979953116
0.999999979701589
0.999999979448179
0.99999997919288
0.999999978935687
0.999999978676596
0.999999978415602
0.999999978152701
0.999999977887888
0.999999977621158
0.999999977352508
0.999999977081931
0.999999976809424
0.999999976534982
0.9999999762586
0.999999975980275
0.999999975700001
0.999999975417773
0.999999975133588
0.999999974847441
0.999999974559328
0.999999974269243
0.999999973977182
0.999999973683142
0.999999973387117
0.999999973089103
0.999999972789095
0.99999997248709
0.999999972183083
0.999999971877068
0.999999971569043
0.999999971259003
0.999999970946942
0.999999970632858
0.999999970316745
0.999999969998599
0.999999969678416
0.999999969356191
0.99999996903192
0.9999999687056
0.999999968377224
0.99999996804679
0.999999967714293
0.999999967379729
0.999999967043093
0.999999966704381
0.999999966363589
0.999999966020713
0.999999965675748
0.99999996532869
0.999999964979535
0.999999964628279
0.999999964274918
0.999999963919447
0.999999963561862
0.99999996320216
0.999999962840335
0.999999962476384
0.999999962110302
0.999999961742086
0.999999961371731
0.999999960999233
0.999999960624588
0.999999960247792
0.999999959868842
0.999999959487732
0.999999959104458
0.999999958719017
0.999999958331404
0.999999957941616
0.999999957549649
0.999999957155498
0.999999956759159
0.999999956360628
0.999999955959901
0.999999955556975
0.999999955151845
0.999999954744507
0.999999954334958
0.999999953923192
0.999999953509207
0.999999953092998
0.999999952674562
0.999999952253893
0.99999995183099
0.999999951405846
0.999999950978459
0.999999950548825
0.999999950116939
0.999999949682798
0.999999949246398
0.999999948807735
0.999999948366805
0.999999947923604
0.999999947478128
0.999999947030373
0.999999946580336
0.999999946128013
0.999999945673399
0.999999945216491
0.999999944757286
0.999999944295778
0.999999943831965
0.999999943365843
0.999999942897407
0.999999942426654
0.99999994195358
0.999999941478182
0.999999941000455
0.999999940520396
0.999999940038001
0.999999939553266
0.999999939066187
0.999999938576761
0.999999938084984
0.999999937590852
0.999999937094361
0.999999936595509
0.99999993609429
0.9999999355907
0.999999935084738
0.999999934576398
0.999999934065678
0.999999933552572
0.999999933037079
0.999999932519193
0.999999931998911
0.99999993147623
0.999999930951146
0.999999930423655
0.999999929893754
0.999999929361438
0.999999928826705
0.99999992828955
0.99999992774997
0.999999927207961
0.999999926663521
0.999999926116644
0.999999925567327
0.999999925015568
0.999999924461361
0.999999923904704
0.999999923345593
0.999999922784025
0.999999922219995
0.9999999216535
0.999999921084537
0.999999920513102
0.999999919939191
0.999999919362802
0.99999991878393
0.999999918202572
0.999999917618723
0.999999917032382
0.999999916443544
0.999999915852205
0.999999915258362
0.999999914662012
0.999999914063151
0.999999913461776
0.999999912857882
0.999999912251467
0.999999911642528
0.999999911031059
0.999999910417059
0.999999909800523
0.999999909181449
0.999999908559832
0.999999907935669
0.999999907308957
0.999999906679692
0.99999990604787
0.999999905413489
0.999999904776545
0.999999904137035
0.999999903494954
0.999999902850299
0.999999902203068
0.999999901553257
0.999999900900862
0.999999900245879
0.999999899588307
0.99999989892814
0.999999898265375
0.999999897600011
0.999999896932041
0.999999896261465
0.999999895588277
0.999999894912475
0.999999894234055
0.999999893553015
0.999999892869349
0.999999892183056
0.999999891494132
0.999999890802573
0.999999890108377
0.999999889411539
0.999999888712057
0.999999888009927
0.999999887305146
0.99999988659771
0.999999885887616
0.999999885174861
0.999999884459442
0.999999883741355
0.999999883020596
0.999999882297164
0.999999881571053
0.999999880842262
0.999999880110786
0.999999879376622
0.999999878639768
0.99999987790022
0.999999877157974
0.999999876413027
0.999999875665376
0.999999874915019
0.99999987416195
0.999999873406168
0.999999872647669
0.99999987188645
0.999999871122507
0.999999870355837
0.999999869586438
0.999999868814305
0.999999868039436
0.999999867261827
0.999999866481475
0.999999865698377
0.99999986491253
0.999999864123931
0.999999863332575
0.999999862538461
0.999999861741584
0.999999860941942
0.999999860139532
0.99999985933435
0.999999858526393
0.999999857715658
0.999999856902142
0.999999856085841
0.999999855266753
0.999999854444874
0.999999853620201
0.999999852792731
0.99999985196246
0.999999851129387
0.999999850293506
0.999999849454817
0.999999848613314
0.999999847768995
0.999999846921857
0.999999846071897
0.999999845219112
0.999999844363498
0.999999843505053
0.999999842643773
0.999999841779655
0.999999840912696
0.999999840042893
0.999999839170243
0.999999838294743
0.999999837416389
0.999999836535179
0.99999983565111
0.999999834764178
0.99999983387438
0.999999832981713
0.999999832086175
0.999999831187761
0.99999983028647
0.999999829382298
0.999999828475241
0.999999827565297
0.999999826652463
0.999999825736736
0.999999824818112
0.999999823896589
0.999999822972164
0.999999822044833
0.999999821114594
0.999999820181443
0.999999819245378
0.999999818306394
0.999999817364491
0.999999816419663
0.999999815471909
0.999999814521225
0.999999813567609
0.999999812611057
0.999999811651566
0.999999810689133
0.999999809723756
0.999999808755431
0.999999807784155
0.999999806809926
0.99999980583274
0.999999804852594
0.999999803869486
0.999999802883412
0.999999801894369
0.999999800902355
0.999999799907366
0.999999798909399
0.999999797908453
0.999999796904522
0.999999795897606
0.9999997948877
0.999999793874801
0.999999792858908
0.999999791840016
0.999999790818123
0.999999789793226
0.999999788765322
0.999999787734408
0.999999786700481
0.999999785663539
0.999999784623577
0.999999783580594
0.999999782534586
0.999999781485551
0.999999780433485
0.999999779378386
0.999999778320251
0.999999777259076
0.99999977619486
0.999999775127598
0.999999774057289
0.999999772983929
0.999999771907515
0.999999770828045
0.999999769745515
0.999999768659923
0.999999767571266
0.99999976647954
0.999999765384744
0.999999764286874
0.999999763185927
0.999999762081901
0.999999760974792
0.999999759864598
0.999999758751316
0.999999757634942
0.999999756515475
0.999999755392911
0.999999754267248
0.999999753138482
0.999999752006611
0.999999750871631
0.999999749733541
0.999999748592337
0.999999747448017
0.999999746300577
0.999999745150014
0.999999743996327
0.999999742839512
0.999999741679565
0.999999740516486
0.99999973935027
0.999999738180914
0.999999737008417
0.999999735832775
0.999999734653985
0.999999733472045
0.999999732286951
0.999999731098702
0.999999729907294
0.999999728712724
0.99999972751499
0.999999726314088
0.999999725110016
0.999999723902772
0.999999722692352
0.999999721478754
0.999999720261975
0.999999719042011
0.999999717818861
0.999999716592522
0.99999971536299
0.999999714130264
0.99999971289434
0.999999711655215
0.999999710412887
0.999999709167353
0.99999970791861
0.999999706666656
0.999999705411487
0.999999704153102
0.999999702891496
0.999999701626669
0.999999700358616
0.999999699087335
0.999999697812823
0.999999696535078
0.999999695254097
0.999999693969877
0.999999692682415
0.999999691391709
0.999999690097756
0.999999688800553
0.999999687500097
0.999999686196387
0.999999684889419
0.99999968357919
0.999999682265697
0.999999680948939
0.999999679628911
0.999999678305613
0.99999967697904
0.99999967564919
0.999999674316061
0.99999967297965
0.999999671639953
0.99999967029697
0.999999668950695
0.999999667601128
0.999999666248266
0.999999664892104
0.999999663532642
0.999999662169877
0.999999660803805
0.999999659434424
0.999999658061731
0.999999656685724
0.9999996553064
0.999999653923756
0.99999965253779
0.999999651148499
0.99999964975588
0.999999648359931
0.999999646960649
0.999999645558031
0.999999644152076
0.999999642742779
0.999999641330139
0.999999639914152
0.999999638494817
0.999999637072131
0.99999963564609
0.999999634216693
0.999999632783936
0.999999631347817
0.999999629908334
0.999999628465484
0.999999627019263
0.999999625569671
0.999999624116703
0.999999622660358
0.999999621200632
0.999999619737523
0.999999618271029
0.999999616801147
0.999999615327874
0.999999613851207
0.999999612371145
0.999999610887684
0.999999609400822
0.999999607910557
0.999999606416885
0.999999604919804
0.999999603419312
0.999999601915405
0.999999600408082
0.99999959889734
0.999999597383175
0.999999595865587
0.999999594344571
0.999999592820126
0.999999591292249
0.999999589760937
0.999999588226187
0.999999586687998
0.999999585146367
0.99999958360129
0.999999582052766
0.999999580500792
0.999999578945365
0.999999577386483
0.999999575824143
0.999999574258343
0.999999572689079
0.999999571116351
0.999999569540155
0.999999567960488
0.999999566377347
0.999999564790732
0.999999563200638
0.999999561607063
0.999999560010006
0.999999558409462
0.999999556805431
0.999999555197908
0.999999553586892
0.999999551972381
0.99999955035437
0.999999548732859
0.999999547107845
0.999999545479324
0.999999543847296
0.999999542211755
0.999999540572702
0.999999538930133
0.999999537284045
0.999999535634436
0.999999533981303
0.999999532324644
0.999999530664457
0.999999529000739
0.999999527333487
0.9999995256627
0.999999523988373
0.999999522310506
0.999999520629095
0.999999518944138
0.999999517255632
0.999999515563576
0.999999513867966
0.9999995121688
0.999999510466075
0.99999950875979
0.999999507049941
0.999999505336526
0.999999503619544
0.99999950189899
0.999999500174863
0.99999949844716
0.999999496715878
0.999999494981016
0.999999493242571
0.99999949150054
0.999999489754921
0.999999488005712
0.99999948625291
0.999999484496512
0.999999482736516
0.999999480972919
0.99999947920572
0.999999477434916
0.999999475660504
0.999999473882481
0.999999472100846
0.999999470315596
0.999999468526729
0.999999466734241
0.999999464938131
0.999999463138396
0.999999461335034
0.999999459528042
0.999999457717418
0.99999945590316
0.999999454085264
0.99999945226373
0.999999450438553
0.999999448609732
0.999999446777264
0.999999444941147
0.999999443101379
0.999999441257956
0.999999439410878
0.99999943756014
0.999999435705742
0.999999433847679
0.999999431985951
0.999999430120554
0.999999428251487
0.999999426378746
0.99999942450233
0.999999422622235
0.99999942073846
0.999999418851003
0.99999941695986
0.999999415065029
0.999999413166509
0.999999411264296
0.999999409358388
0.999999407448783
0.999999405535478
0.999999403618472
0.999999401697761
0.999999399773343
0.999999397845216
0.999999395913378
0.999999393977826
0.999999392038557
0.99999939009557
0.999999388148862
0.999999386198431
0.999999384244274
0.999999382286389
0.999999380324773
0.999999378359424
0.999999376390341
0.999999374417519
0.999999372440958
0.999999370460654
0.999999368476606
0.999999366488811
0.999999364497266
0.99999936250197
0.999999360502919
0.999999358500112
0.999999356493547
0.99999935448322
0.99999935246913
0.999999350451274
0.999999348429649
0.999999346404255
0.999999344375087
0.999999342342144
0.999999340305424
0.999999338264924
0.999999336220642
0.999999334172575
0.999999332120721
0.999999330065078
0.999999328005644
0.999999325942415
0.999999323875391
0.999999321804568
0.999999319729944
0.999999317651517
0.999999315569284
0.999999313483244
0.999999311393394
0.999999309299731
0.999999307202254
0.999999305100959
0.999999302995845
0.99999930088691
0.99999929877415
0.999999296657564
0.99999929453715
0.999999292412904
0.999999290284826
0.999999288152911
0.999999286017159
0.999999283877567
0.999999281734133
0.999999279586854
0.999999277435727
0.999999275280752
0.999999273121925
0.999999270959244
0.999999268792706
0.999999266622311
0.999999264448054
0.999999262269935
0.99999926008795
0.999999257902098
0.999999255712375
0.999999253518781
0.999999251321312
0.999999249119966
0.999999246914741
0.999999244705635
0.999999242492646
0.99999924027577
0.999999238055007
0.999999235830353
0.999999233601806
0.999999231369365
0.999999229133026
0.999999226892788
0.999999224648649
0.999999222400605
0.999999220148655
0.999999217892796
0.999999215633027
0.999999213369345
0.999999211101747
0.999999208830232
0.999999206554797
0.99999920427544
0.999999201992159
0.999999199704952
0.999999197413815
0.999999195118748
0.999999192819747
0.999999190516811
0.999999188209937
0.999999185899123
0.999999183584367
0.999999181265666
0.999999178943019
0.999999176616423
0.999999174285875
0.999999171951374
0.999999169612918
0.999999167270503
0.999999164924128
0.999999162573792
0.99999916021949
0.999999157861222
0.999999155498984
0.999999153132776
0.999999150762594
0.999999148388436
0.999999146010301
0.999999143628185
0.999999141242087
0.999999138852004
0.999999136457934
0.999999134059876
0.999999131657826
0.999999129251783
0.999999126841744
0.999999124427708
0.999999122009671
0.999999119587632
0.999999117161589
0.999999114731539
0.99999911229748
0.999999109859411
0.999999107417327
0.999999104971228
0.999999102521112
0.999999100066976
0.999999097608818
0.999999095146635
0.999999092680426
0.999999090210188
0.99999908773592
0.999999085257619
0.999999082775282
0.999999080288908
0.999999077798494
0.999999075304039
0.999999072805539
0.999999070302994
0.9999990677964
0.999999065285755
0.999999062771058
0.999999060252306
0.999999057729497
0.999999055202629
0.9999990526717
0.999999050136707
0.999999047597648
0.999999045054521
0.999999042507324
0.999999039956055
0.999999037400712
0.999999034841292
0.999999032277793
0.999999029710213
0.99999902713855
0.999999024562802
0.999999021982967
0.999999019399042
0.999999016811026
0.999999014218915
0.999999011622708
0.999999009022403
0.999999006417998
0.999999003809491
0.999999001196879
0.99999899858016
0.999998995959332
0.999998993334393
0.99999899070534
0.999998988072173
0.999998985434888
0.999998982793483
0.999998980147956
0.999998977498305
0.999998974844529
0.999998972186624
0.999998969524588
0.999998966858421
0.999998964188118
0.999998961513679
0.999998958835101
0.999998956152382
0.999998953465519
0.999998950774512
0.999998948079357
0.999998945380052
0.999998942676595
0.999998939968985
0.999998937257219
0.999998934541294
0.99999893182121
0.999998929096963
0.999998926368552
0.999998923635974
0.999998920899228
0.999998918158311
0.99999891541322
0.999998912663955
0.999998909910513
0.999998907152891
0.999998904391088
0.999998901625102
0.99999889885493
0.99999889608057
0.999998893302021
0.999998890519279
0.999998887732344
0.999998884941212
0.999998882145883
0.999998879346353
0.99999887654262
0.999998873734683
0.999998870922539
0.999998868106187
0.999998865285623
0.999998862460847
0.999998859631856
0.999998856798648
0.99999885396122
0.999998851119571
0.999998848273699
0.999998845423601
0.999998842569276
0.999998839710721
0.999998836847935
0.999998833980914
0.999998831109658
0.999998828234163
0.999998825354429
0.999998822470452
0.999998819582231
0.999998816689764
0.999998813793048
0.999998810892082
0.999998807986864
0.99999880507739
0.99999880216366
0.999998799245671
0.999998796323422
0.999998793396909
0.999998790466131
0.999998787531087
0.999998784591773
0.999998781648188
0.99999877870033
0.999998775748196
0.999998772791785
0.999998769831095
0.999998766866123
0.999998763896867
0.999998760923326
0.999998757945497
0.999998754963378
0.999998751976968
0.999998748986263
0.999998745991263
0.999998742991964
0.999998739988366
0.999998736980465
0.999998733968261
0.99999873095175
0.99999872793093
0.999998724905801
0.999998721876359
0.999998718842603
0.99999871580453
0.999998712762139
0.999998709715427
0.999998706664393
0.999998703609034
0.999998700549349
0.999998697485334
0.999998694416989
0.999998691344312
0.999998688267299
0.999998685185949
0.999998682100261
0.999998679010232
0.99999867591586
0.999998672817142
0.999998669714078
0.999998666606665
0.9999986634949
0.999998660378783
0.99999865725831
0.99999865413348
0.999998651004291
0.999998647870741
0.999998644732828
0.999998641590549
0.999998638443903
0.999998635292887
0.999998632137501
0.999998628977741
0.999998625813605
0.999998622645093
0.999998619472201
0.999998616294927
0.99999861311327
0.999998609927227
0.999998606736798
0.999998603541978
0.999998600342767
0.999998597139163
0.999998593931163
0.999998590718765
0.999998587501969
0.99999858428077
0.999998581055168
0.999998577825161
0.999998574590746
0.999998571351921
0.999998568108685
0.999998564861035
0.99999856160897
0.999998558352487
0.999998555091585
0.999998551826261
0.999998548556514
0.999998545282341
0.99999854200374
0.99999853872071
0.999998535433249
0.999998532141354
0.999998528845023
0.999998525544255
0.999998522239048
0.999998518929399
0.999998515615307
0.999998512296769
0.999998508973784
0.999998505646349
0.999998502314463
0.999998498978123
0.999998495637329
0.999998492292076
0.999998488942365
0.999998485588192
0.999998482229556
0.999998478866455
0.999998475498886
0.999998472126849
0.99999846875034
0.999998465369358
0.999998461983901
0.999998458593966
0.999998455199553
0.999998451800658
0.999998448397281
0.999998444989418
0.999998441577069
0.99999843816023
0.999998434738901
0.999998431313079
0.999998427882762
0.999998424447948
0.999998421008636
0.999998417564823
0.999998414116507
0.999998410663687
0.999998407206359
0.999998403744524
0.999998400278178
0.999998396807319
0.999998393331946
0.999998389852057
0.999998386367649
0.999998382878721
0.999998379385271
0.999998375887296
0.999998372384796
0.999998368877767
0.999998365366208
0.999998361850117
0.999998358329492
0.999998354804332
0.999998351274634
0.999998347740395
0.999998344201616
0.999998340658292
0.999998337110423
0.999998333558006
0.99999833000104
0.999998326439522
0.999998322873451
0.999998319302825
0.999998315727641
0.999998312147898
0.999998308563595
0.999998304974728
0.999998301381296
0.999998297783297
0.999998294180729
0.99999829057359
0.999998286961879
0.999998283345593
0.999998279724731
0.99999827609929
0.999998272469268
0.999998268834664
0.999998265195476
0.999998261551702
0.999998257903339
0.999998254250387
0.999998250592842
0.999998246930703
0.999998243263969
0.999998239592637
0.999998235916706
0.999998232236172
0.999998228551035
0.999998224861293
0.999998221166943
0.999998217467984
0.999998213764414
0.999998210056231
0.999998206343433
0.999998202626018
0.999998198903984
0.999998195177329
0.999998191446052
0.999998187710149
0.999998183969621
0.999998180224464
0.999998176474677
0.999998172720258
0.999998168961205
0.999998165197515
0.999998161429188
0.999998157656221
0.999998153878612
0.999998150096359
0.999998146309461
0.999998142517916
0.999998138721721
0.999998134920875
0.999998131115376
0.999998127305222
0.999998123490411
0.999998119670941
0.999998115846811
0.999998112018018
0.99999810818456
0.999998104346436
0.999998100503644
0.999998096656182
0.999998092804047
0.999998088947239
0.999998085085754
0.999998081219592
0.999998077348751
0.999998073473228
0.999998069593021
0.99999806570813
0.999998061818551
0.999998057924283
0.999998054025324
0.999998050121672
0.999998046213326
0.999998042300283
0.999998038382542
0.9999980344601
0.999998030532956
0.999998026601109
0.999998022664555
0.999998018723293
0.999998014777322
0.999998010826639
0.999998006871242
0.999998002911131
0.999997998946302
0.999997994976754
0.999997991002485
0.999997987023493
0.999997983039777
0.999997979051334
0.999997975058162
0.999997971060261
0.999997967057627
0.999997963050259
0.999997959038156
0.999997955021314
0.999997950999733
0.99999794697341
0.999997942942345
0.999997938906534
0.999997934865976
0.999997930820669
0.999997926770611
0.999997922715801
0.999997918656236
0.999997914591915
0.999997910522836
0.999997906448996
0.999997902370395
0.99999789828703
0.999997894198899
0.999997890106001
0.999997886008333
0.999997881905895
0.999997877798683
0.999997873686696
0.999997869569933
0.999997865448391
0.999997861322069
0.999997857190965
0.999997853055076
0.999997848914401
0.999997844768939
0.999997840618687
0.999997836463644
0.999997832303807
0.999997828139175
0.999997823969746
0.999997819795518
0.99999781561649
0.999997811432659
0.999997807244024
0.999997803050582
0.999997798852332
0.999997794649273
0.999997790441402
0.999997786228717
0.999997782011217
0.999997777788899
0.999997773561763
0.999997769329806
0.999997765093026
0.999997760851421
0.99999775660499
0.999997752353731
0.999997748097642
0.999997743836721
0.999997739570967
0.999997735300377
0.999997731024949
0.999997726744683
0.999997722459575
0.999997718169625
0.99999771387483
0.999997709575188
0.999997705270698
0.999997700961359
0.999997696647167
0.999997692328121
0.99999768800422
0.999997683675462
0.999997679341844
0.999997675003366
0.999997670660024
0.999997666311819
0.999997661958746
0.999997657600805
0.999997653237994
0.999997648870312
0.999997644497755
0.999997640120323
0.999997635738014
0.999997631350826
0.999997626958756
0.999997622561804
0.999997618159968
0.999997613753245
0.999997609341634
0.999997604925132
0.999997600503739
0.999997596077453
0.999997591646271
0.999997587210192
0.999997582769214
0.999997578323335
0.999997573872553
0.999997569416868
0.999997564956275
0.999997560490775
0.999997556020365
0.999997551545044
0.999997547064809
0.999997542579659
0.999997538089592
0.999997533594606
0.9999975290947
0.99999752458987
0.999997520080118
0.999997515565439
0.999997511045832
0.999997506521296
0.999997501991828
0.999997497457428
0.999997492918092
0.999997488373819
0.999997483824609
0.999997479270458
0.999997474711364
0.999997470147327
0.999997465578345
0.999997461004415
0.999997456425536
0.999997451841705
0.999997447252922
0.999997442659184
0.999997438060491
0.999997433456839
0.999997428848227
0.999997424234653
0.999997419616116
0.999997414992614
0.999997410364145
0.999997405730707
0.999997401092298
0.999997396448917
0.999997391800561
0.999997387147231
0.999997382488922
0.999997377825634
0.999997373157364
0.999997368484112
0.999997363805875
0.999997359122651
0.999997354434439
0.999997349741237
0.999997345043044
0.999997340339856
0.999997335631673
0.999997330918493
0.999997326200314
0.999997321477135
0.999997316748953
0.999997312015767
0.999997307277574
0.999997302534375
0.999997297786165
0.999997293032945
0.999997288274711
0.999997283511462
0.999997278743198
0.999997273969914
0.999997269191611
0.999997264408286
0.999997259619937
0.999997254826563
0.999997250028162
0.999997245224732
0.999997240416271
0.999997235602778
0.999997230784251
0.999997225960688
0.999997221132088
0.999997216298448
0.999997211459767
0.999997206616043
0.999997201767274
0.999997196913459
0.999997192054596
0.999997187190684
0.999997182321719
0.999997177447701
0.999997172568628
0.999997167684498
0.99999716279531
0.999997157901061
0.99999715300175
0.999997148097375
0.999997143187935
0.999997138273427
0.999997133353851
0.999997128429203
0.999997123499483
0.999997118564689
0.999997113624818
0.99999710867987
0.999997103729842
0.999997098774733
0.999997093814542
0.999997088849265
0.999997083878902
0.99999707890345
0.999997073922909
0.999997068937277
0.99999706394655
0.999997058950729
0.999997053949811
0.999997048943794
0.999997043932677
0.999997038916458
0.999997033895134
0.999997028868706
0.99999702383717
0.999997018800526
0.99999701375877
0.999997008711902
0.99999700365992
0.999996998602822
0.999996993540607
0.999996988473272
0.999996983400816
0.999996978323238
0.999996973240534
0.999996968152705
0.999996963059748
0.999996957961661
0.999996952858442
0.999996947750091
0.999996942636605
0.999996937517982
0.999996932394221
0.99999692726532
0.999996922131277
0.99999691699209
0.999996911847759
0.999996906698281
0.999996901543654
0.999996896383877
0.999996891218948
0.999996886048865
0.999996880873627
0.999996875693232
0.999996870507678
0.999996865316963
0.999996860121086
0.999996854920045
0.999996849713838
0.999996844502464
0.999996839285921
0.999996834064207
0.999996828837321
0.99999682360526
0.999996818368023
0.999996813125609
0.999996807878015
0.999996802625241
0.999996797367283
0.999996792104141
0.999996786835813
0.999996781562297
0.999996776283592
0.999996770999695
0.999996765710605
0.999996760416321
0.99999675511684
0.999996749812162
0.999996744502283
0.999996739187203
0.99999673386692
0.999996728541432
0.999996723210737
0.999996717874835
0.999996712533722
0.999996707187398
0.99999670183586
0.999996696479107
0.999996691117138
0.99999668574995
0.999996680377542
0.999996674999912
0.999996669617059
0.999996664228981
0.999996658835676
0.999996653437142
0.999996648033378
0.999996642624382
0.999996637210152
0.999996631790688
0.999996626365986
0.999996620936045
0.999996615500865
0.999996610060442
0.999996604614775
0.999996599163863
0.999996593707704
0.999996588246296
0.999996582779638
0.999996577307728
0.999996571830564
0.999996566348144
0.999996560860467
0.999996555367531
0.999996549869335
0.999996544365876
0.999996538857154
0.999996533343166
0.999996527823911
0.999996522299387
0.999996516769592
0.999996511234525
0.999996505694184
0.999996500148568
0.999996494597674
0.999996489041501
0.999996483480048
0.999996477913312
0.999996472341292
0.999996466763987
0.999996461181394
0.999996455593513
0.99999645000034
0.999996444401876
0.999996438798117
0.999996433189063
0.999996427574711
0.999996421955061
0.999996416330109
0.999996410699856
0.999996405064298
0.999996399423435
0.999996393777264
0.999996388125785
0.999996382468994
0.999996376806892
0.999996371139475
0.999995997296119
0.999995601249485
0.999995182576611
0.999994740862308
0.999994275698745
0.999993786685072
0.999993273427071
0.999992735536844
0.999992172632515
0.999991584337958
0.999990970282549
0.999990330100928
0.999989663432784
0.999988969922652
0.999988249219722
0.999987500977663
0.999986724854454
0.999985920512228
0.999985087617131
0.999984225839172
0.999983334852102
0.999982414333286
0.999981463963586
0.999980483427253
0.99997947241182
0.999978430607999
0.999977357709596
0.999976253413412
0.999975117419158
0.999973949429381
0.999972749149377
0.99997151628712
0.999970250553195
0.999968951660723
0.999967619325302
0.99996625326494
0.999964853199999
0.999963418853135
0.999961949949246
0.999960446215417
0.99995890738087
0.999957333176915
0.999955723336903
0.999954077596182
0.999952395692053
0.999950677363726
0.999948922352283
0.999947130400638
0.999945301253497
0.999943434657324
0.999941530360307
0.99993958811232
0.999937607664894
0.999935588771183
0.999933531185937
0.999931434665464
0.999929298967611
0.999927123851731
0.999924909078655
0.999922654410667
0.999920359611481
0.999918024446212
0.999915648681356
0.999913232084763
0.999910774425617
0.999908275474412
0.999905735002934
0.999903152784235
0.999900528592618
0.999897862203614
0.999895153393963
0.999892401941599
0.999889607625625
0.999886770226304
0.999883889525031
0.999880965304329
0.999877997347821
0.999874985440221
0.999871929367315
0.99986882891595
0.999865683874013
0.999862494030421
0.999859259175107
0.999855979099004
0.999852653594031
0.999849282453084
0.999845865470018
0.99984240243964
0.99983889315769
0.999835337420835
0.999831735026655
0.999828085773628
0.999824389461128
0.999820645889402
0.99981685485957
0.999813016173607
0.999809129634339
0.999805195045424
0.999801212211354
0.999797180937434
0.999793101029779
0.999788972295306
0.999784794541717
0.9997805675775
0.999776291211911
0.999771965254974
0.999767589517467
0.999763163810913
0.999758687947578
0.999754161740456
0.999749585003267
0.999744957550446
0.999740279197134
0.999735549759177
0.999730769053113
0.999725936896167
0.999721053106242
0.999716117501917
0.999711129902436
0.999706090127702
0.999700997998272
0.999695853335349
0.99969065596078
0.999685405697041
0.999680102367242
0.999674745795113
0.999669335804999
0.999663872221861
0.99965835487126
0.99965278357936
0.999647158172921
0.999641478479288
0.999635744326393
0.999629955542745
0.999624111957429
0.999618213400096
0.999612259700962
0.999606250690802
0.999600186200944
0.999594066063267
0.999587890110194
0.999581658174689
0.999575370090249
0.999569025690907
0.999562624811218
0.999556167286263
0.999549652951642
0.999543081643467
0.999536453198362
0.999529767453456
0.999523024246383
0.999516223415271
0.999509364798748
0.999502448235928
0.999495473566416
0.999488440630297
0.999481349268138
0.999474199320981
0.999466990630343
0.999459723038206
0.999452396387022
0.999445010519704
0.999437565279622
0.999430060510606
0.999422496056934
0.999414871763338
0.999407187474992
0.999399443037516
0.999391638296968
0.999383773099846
0.99937584729308
0.999367860724031
0.999359813240488
0.999351704690667
0.999343534923206
0.999335303787163
0.999327011132011
0.999318656807641
0.999310240664352
0.999301762552854
0.999293222324264
0.999284619830102
0.999275954922287
0.999267227453142
0.999258437275382
0.999249584242117
0.999240668206849
0.99923168902347
0.999222646546255
0.999213540629869
0.999204371129354
0.999195137900135
0.999185840798013
0.999176479679165
0.999167054400141
0.999157564817863
0.999148010789621
0.999138392173072
0.999128708826238
0.999118960607502
0.99910914737561
0.999099268989667
0.999089325309132
0.999079316193821
0.999069241503901
0.999059101099891
0.99904889484266
0.999038622593422
0.999028284213737
0.999017879565509
0.999007408510983
0.998996870912744
0.998986266633716
0.998975595537158
0.998964857486664
0.998954052346162
0.998943179979909
0.998932240252494
0.998921233028832
0.998910158174166
0.998899015554062
0.998887805034411
0.998876526481423
0.998865179761631
0.998853764741884
0.998842281289349
0.998830729271508
0.998819108556157
0.998807419011406
0.998795660505672
0.998783832907686
0.998771936086485
0.998759969911412
0.998747934252117
0.998735828978553
0.998723653960975
0.998711409069941
0.998699094176308
0.99868670915123
0.998674253866161
0.998661728192849
0.998649132003338
0.998636465169963
0.998623727565355
0.998610919062432
0.998598039534404
0.998585088854769
0.998572066897312
0.998558973536105
0.998545808645503
0.998532572100147
0.998519263774959
0.998505883545143
0.998492431286183
0.998478906873842
0.998465310184162
0.998451641093461
0.998437899478334
0.99842408521565
0.998410198182552
0.998396238256454
0.998382205315046
0.998368099236284
0.998353919898396
0.998339667179877
0.998325340959492
0.998310941116272
0.998296467529511
0.99828192007877
0.998267298643873
0.998252603104908
0.998237833342222
0.998222989236426
0.998208070668389
0.998193077519239
0.998178009670362
0.998162867003403
0.998147649400261
0.998132356743092
0.998116988914304
0.998101545796563
0.998086027272785
0.998070433226137
0.998054763540039
0.998039018098161
0.998023196784422
0.99800729948299
0.99799132607828
0.997975276454956
0.997959150497925
0.997942948092343
0.997926669123609
0.997910313477365
0.997893881039497
0.997877371696134
0.997860785333646
0.997844121838643
0.997827381097977
0.997810562998738
0.997793667428255
0.997776694274095
0.997759643424062
0.997742514766197
0.997725308188777
0.997708023580314
0.997690660829553
0.997673219825476
0.997655700457294
0.997638102614453
0.997620426186632
0.997602671063737
0.997584837135909
0.997566924293516
0.997548932427156
0.997530861427656
0.997512711186069
0.997494481593679
0.997476172541992
0.997457783922745
0.997439315627896
0.997420767549632
0.99740213958036
0.997383431612714
0.997364643539551
0.997345775253948
0.997326826649206
0.997307797618848
0.997288688056615
0.997269497856472
0.9972502269126
0.997230875119402
0.997211442371499
0.997191928563729
0.997172333591148
0.99715265734903
0.997132899732864
0.997113060638356
0.997093139961428
0.997073137598216
0.99705305344507
0.997032887398555
0.997012639355449
0.996992309212743
0.99697189686764
0.996951402217556
0.996930825160118
0.996910165593164
0.996889423414742
0.996868598523112
0.99684769081674
0.996826700194304
0.996805626554692
0.996784469796996
0.996763229820519
0.99674190652477
0.996720499809466
0.996699009574528
0.996677435720088
0.996655778146478
0.996634036754238
0.996612211444112
0.99659030211705
0.996568308674204
0.996546231016929
0.996524069046785
0.996501822665534
0.99647949177514
0.996457076277769
0.996434576075788
0.996411991071766
0.996389321168473
0.996366566268877
0.996343726276148
0.996320801093655
0.996297790624968
0.996274694773851
0.996251513444272
0.996228246540393
0.996204893966576
0.996181455627379
0.996157931427558
0.996134321272065
0.996110625066049
0.996086842714853
0.996062974124017
0.996039019199278
0.996014977846564
0.995990849972
0.995966635481906
0.995942334282793
0.995917946281369
0.995893471384532
0.995868909499374
0.995844260533182
0.99581952439343
0.99579470098779
0.995769790224122
0.995744792010477
0.995719706255099
0.995694532866421
0.995669271753068
0.995643922823853
0.995618485987782
0.995592961154046
0.99556734823203
0.995541647131304
0.995515857761629
0.995489980032953
0.995464013855413
0.995437959139333
0.995411815795226
0.995385583733789
0.99535926286591
0.99533285310266
0.995306354355299
0.995279766535272
0.99525308955421
0.995226323323929
0.995199467756431
0.995172522763903
0.995145488258717
0.995118364153429
0.99509115036078
0.995063846793693
0.995036453365278
0.995008969988826
0.994981396577813
0.994953733045896
0.994925979306917
0.994898135274899
0.994870200864048
0.994842175988752
0.99481406056358
0.994785854503285
0.994757557722799
0.994729170137235
0.99470069166189
0.994672122212237
0.994643461703934
0.994614710052817
0.994585867174901
0.994556932986384
0.99452790740364
0.994498790343225
0.994469581721873
0.994440281456497
0.99441088946419
0.994381405662222
0.994351829968041
0.994322162299274
0.994292402573727
0.994262550709382
0.994232606624398
0.994202570237114
0.994172441466044
0.99414222022988
0.994111906447488
0.994081500037915
0.994051000920381
0.994020409014284
0.993989724239196
0.993958946514867
0.99392807576122
0.993897111898357
0.993866054846551
0.993834904526254
0.99380366085809
0.993772323762859
0.993740893161535
0.993709368975268
0.993677751125378
0.993646039533365
0.993614234120897
0.993582334809819
0.993550341522149
0.993518254180078
0.99348607270597
0.993453797022361
0.993421427051963
0.993388962717656
0.993356403942498
0.993323750649714
0.993291002762704
0.99325816020504
0.993225222900466
0.993192190772895
0.993159063746416
0.993125841745286
0.993092524693935
0.993059112516962
0.99302560513914
0.99299200248541
0.992958304480884
0.992924511050848
0.992890622120753
0.992856637616224
0.992822557463055
0.99278838158721
0.992754109914822
0.992719742372195
0.992685278885802
0.992650719382284
0.992616063788453
0.992581312031291
0.992546464037945
0.992511519735736
0.992476479052149
0.992441341914841
0.992406108251635
0.992370777990525
0.99233535105967
0.9922998273874
0.992264206902211
0.992228489532767
0.992192675207901
0.992156763856612
0.992120755408069
0.992084649791604
0.99204844693672
0.992012146773085
0.991975749230536
0.991939254239075
0.991902661728871
0.991865971630261
0.991829183873745
0.991792298389995
0.991755315109844
0.991718233964295
0.991681054884513
0.991643777801834
0.991606402647755
0.991568929353942
0.991531357852224
0.991493688074599
0.991455919953227
0.991418053420436
0.991380088408716
0.991342024850725
0.991303862679285
0.991265601827383
0.99122724222817
0.991188783814962
0.991150226521241
0.991111570280652
0.991072815027004
0.991033960694272
0.990995007216594
0.990955954528271
0.990916802563771
0.990877551257723
0.990838200544922
0.990798750360324
0.990759200639053
0.990719551316391
0.990679802327789
0.990639953608856
0.990600005095369
0.990559956723265
0.990519808428644
0.990479560147773
0.990439211817077
0.990398763373146
0.990358214752733
0.990317565892753
0.990276816730283
0.990235967202565
0.990195017247
0.990153966801153
0.990112815802752
0.990071564189686
0.990030211900007
0.989988758871926
0.989947205043821
0.989905550354227
0.989863794741843
0.989821938145531
0.989779980504312
0.989737921757369
0.989695761844048
0.989653500703854
0.989611138276456
0.989568674501682
0.989526109319522
0.989483442670126
0.989440674493808
0.98939780473104
0.989354833322455
0.989311760208848
0.989268585331175
0.98922530863055
0.98918193004825
0.989138449525712
0.989094867004534
0.989051182426472
0.989007395733445
0.98896350686753
0.988919515770966
0.988875422386151
0.988831226655644
0.988786928522162
0.988742527928583
0.988698024817945
0.988653419133447
0.988608710818445
0.988563899816456
0.988518986071156
0.988473969526382
0.988428850126129
0.988383627814551
0.988338302535963
0.988292874234838
0.988247342855808
0.988201708343665
0.98815597064336
0.988110129700002
0.98806418545886
0.98801813786536
0.987971986865091
0.987925732403795
0.987879374427378
0.987832912881902
0.987786347713587
0.987739678868813
0.987692906294119
0.9876460299362
0.987599049741911
0.987551965658266
0.987504777632436
0.98745748561175
0.987410089543696
0.98736258937592
0.987314985056226
0.987267276532576
0.987219463753089
0.987171546666043
0.987123525219874
0.987075399363174
0.987027169044696
0.986978834213347
0.986930394818195
0.986881850808462
0.98683320213353
0.986784448742939
0.986735590586384
0.98668662761372
0.986637559774957
0.986588387020263
0.986539109299965
0.986489726564544
0.986440238764642
0.986390645851054
0.986340947774735
0.986291144486796
0.986241235938504
0.986191222081286
0.986141102866721
0.98609087824655
0.986040548172666
0.985990112597123
0.985939571472129
0.985888924750048
0.985838172383404
0.985787314324875
0.985736350527294
0.985685280943655
0.985634105527104
0.985582824230945
0.98553143700864
0.985479943813805
0.985428344600213
0.985376639321793
0.985324827932631
0.985272910386967
0.985220886639199
0.985168756643882
0.985116520355724
0.985064177729591
0.985011728720504
0.984959173283641
0.984906511374334
0.984853742948073
0.984800867960501
0.984747886367419
0.984694798124784
0.984641603188706
0.984588301515453
0.984534893061447
0.984481377783267
0.984427755637645
0.984374026581472
0.984320190571791
0.984266247565803
0.984212197520862
0.984158040394479
0.984103776144319
0.984049404728203
0.983994926104108
0.983940340230163
0.983885647064655
0.983830846566026
0.983775938692872
0.983720923403943
0.983665800658146
0.983610570414541
0.983555232632345
0.983499787270929
0.983444234289817
0.98338857364869
0.983332805307383
0.983276929225885
0.983220945364341
0.983164853683049
0.983108654142464
0.983052346703192
0.982995931325997
0.982939407971795
0.982882776601657
0.98282603717681
0.982769189658634
0.982712234008662
0.982655170188585
0.982597998160244
0.982540717885637
0.982483329326915
0.982425832446384
0.982368227206505
0.982310513569889
0.982252691499306
0.982194760957677
0.982136721908078
0.982078574313739
0.982020318138044
0.981961953344529
0.981903479896888
0.981844897758964
0.981786206894758
0.981727407268421
0.981668498844261
0.981609481586737
0.981550355460463
0.981491120430208
0.981431776460892
0.98137232351759
0.98131276156553
0.981253090570093
0.981193310496816
0.981133421311385
0.981073422979644
0.981013315467588
0.980953098741365
0.980892772767277
0.98083233751178
0.980771792941481
0.980711139023143
0.980650375723681
0.980589503010161
0.980528520849807
0.98046742920999
0.980406228058239
0.980344917362234
0.980283497089808
0.980221967208947
0.980160327687791
0.98009857849463
0.98003671959791
0.979974750966228
0.979912672568334
0.979850484373133
0.979788186349679
0.979725778467181
0.979663260695001
0.979600633002651
0.979537895359799
0.979475047736263
0.979412090102016
0.97934902242718
0.979285844682033
0.979222556837003
0.979159158862672
0.979095650729773
0.979032032409192
0.978968303871969
0.978904465089292
0.978840516032506
0.978776456673106
0.978712286982738
0.978648006933202
0.978583616496451
0.978519115644586
0.978454504349865
0.978389782584694
0.978324950321634
0.978260007533397
0.978194954192845
0.978129790272996
0.978064515747015
0.977999130588223
0.97793363477009
0.977868028266239
0.977802311050445
0.977736483096634
0.977670544378885
0.977604494871426
0.97753833454864
0.977472063385058
0.977405681355366
0.977339188434399
0.977272584597145
0.977205869818743
0.977139044074482
0.977072107339806
0.977005059590305
0.976937900801726
0.976870630949964
0.976803250011065
0.976735757961228
0.976668154776803
0.976600440434289
0.976532614910339
0.976464678181756
0.976396630225492
0.976328471018654
0.976260200538496
0.976191818762427
0.976123325668003
0.976054721232935
0.97598600543508
0.975917178252449
0.975848239663205
0.975779189645658
0.975710028178272
0.975640755239661
0.975571370808588
0.975501874863967
0.975432267384866
0.975362548350499
0.975292717740233
0.975222775533585
0.975152721710224
0.975082556249966
0.97501227913278
0.974941890338785
0.974871389848249
0.974800777641594
0.974730053699387
0.97465921800235
0.974588270531351
0.974517211267412
0.974446040191703
0.974374757285545
0.974303362530408
0.974231855907912
0.974160237399829
0.974088506988078
0.974016664654731
0.973944710382008
0.97387264415228
0.973800465948065
0.973728175752036
0.97365577354701
0.973583259315956
0.973510633041996
0.973437894708397
0.973365044298577
0.973292081796104
0.973219007184696
0.973145820448219
0.973072521570691
0.972999110536277
0.972925587329292
0.9728519519342
0.972778204335616
0.972704344518303
0.972630372467174
0.972556288167289
0.97248209160386
0.972407782762247
0.972333361627959
0.972258828186654
0.972184182424139
0.972109424326371
0.972034553879454
0.971959571069642
0.97188447588334
0.971809268307097
0.971733948327615
0.971658515931744
0.97158297110648
0.971507313838971
0.971431544116513
0.971355661926549
0.971279667256672
0.971203560094622
0.971127340428291
0.971051008245715
0.97097456353508
0.970898006284723
0.970821336483126
0.97074455411892
0.970667659180886
0.97059065165795
0.970513531539191
0.97043629881383
0.970358953471242
0.970281495500946
0.970203924892611
0.970126241636053
0.970048445721237
0.969970537138275
0.969892515877426
0.9698143819291
0.969736135283851
0.969657775932383
0.969579303865547
0.969500719074343
0.969422021549915
0.969343211283559
0.969264288266715
0.969185252490973
0.969106103948069
0.969026842629886
0.968947468528457
0.968867981635959
0.968788381944718
0.968708669447206
0.968628844136045
0.968548906004001
0.968468855043989
0.96838869124907
0.968308414612452
0.968228025127491
0.968147522787689
0.968066907586696
0.967986179518306
0.967905338576464
0.967824384755258
0.967743318048926
0.967662138451848
0.967580845958556
0.967499440563725
0.967417922262178
0.967336291048883
0.967254546918958
0.967172689867661
0.967090719890404
0.967008636982739
0.966926441140367
0.966844132359136
0.966761710635038
0.966679175964213
0.966596528342946
0.966513767767667
0.966430894234955
0.966347907741532
0.966264808284267
0.966181595860175
0.966098270466417
0.966014832100298
0.965931280759271
0.965847616440934
0.965763839143029
0.965679948863446
0.965595945600217
0.965511829351524
0.96542760011569
0.965343257891187
0.965258802676629
0.965174234470778
0.96508955327254
0.965004759080965
0.964919851895251
0.964834831714737
0.964749698538911
0.964664452367404
0.964579093199991
0.964493621036594
0.964408035877278
0.964322337722255
0.964236526571877
0.964150602426646
0.964064565287205
0.963978415154344
0.963892152028996
0.963805775912238
0.963719286805292
0.963632684709525
0.963545969626448
0.963459141557714
0.963372200505124
0.96328514647062
0.963197979456288
0.963110699464362
0.963023306497214
0.962935800557365
0.962848181647476
0.962760449770356
0.962672604928952
0.962584647126361
0.962496576365818
0.962408392650705
0.962320095984547
0.962231686371012
0.962143163813911
0.962054528317198
0.961965779884972
0.961876918521475
0.961787944231089
0.961698857018342
0.961609656887907
0.961520343844595
0.961430917893362
0.96134137903931
0.961251727287679
0.961161962643854
0.961072085113364
0.960982094701878
0.960891991415209
0.960801775259312
0.960711446240286
0.96062100436437
0.960530449637947
0.960439782067543
0.960349001659823
0.960258108421598
0.960167102359818
0.960075983481577
0.959984751794111
0.959893407304797
0.959801950021154
0.959710379950843
0.959618697101668
0.959526901481571
0.95943499309864
0.959342971961103
0.959250838077327
0.959158591455825
0.959066232105248
0.958973760034389
0.958881175252182
0.958788477767704
0.958695667590172
0.958602744728943
0.958509709193516
0.958416560993531
0.95832330013877
0.958229926639152
0.958136440504741
0.958042841745741
0.957949130372493
0.957855306395483
0.957761369825335
0.957667320672814
0.957573158948825
0.957478884664415
0.957384497830769
0.957289998459213
0.957195386561214
0.957100662148377
0.957005825232449
0.956910875825316
0.956815813939004
0.956720639585678
0.956625352777644
0.956529953527347
0.95643444184737
0.956338817750439
0.956243081249417
0.956147232357306
0.956051271087248
0.955955197452525
0.955859011466558
0.955762713142905
0.955666302495264
0.955569779537475
0.955473144283512
0.955376396747492
0.955279536943667
0.955182564886431
0.955085480590313
0.954988284069985
0.954890975340254
0.954793554416066
0.954696021312507
0.954598376044798
0.954500618628302
0.954402749078517
0.954304767411081
0.954206673641768
0.954108467786492
0.954010149861304
0.953911719882391
0.953813177866081
0.953714523828837
0.953615757787261
0.95351687975809
0.953417889758202
0.953318787804608
0.953219573914461
0.953120248105047
0.953020810393792
0.952921260798257
0.95282159933614
0.952721826025278
0.952621940883641
0.952521943929341
0.95242183518062
0.952321614655863
0.952221282373587
0.952120838352446
0.952020282611233
0.951919615168875
0.951818836044434
0.951717945257112
0.951616942826242
0.951515828771297
0.951414603111884
0.951313265867746
0.951211817058761
0.951110256704945
0.951008584826446
0.950906801443551
0.950804906576679
0.950702900246387
0.950600782473366
0.950498553278441
0.950396212682575
0.950293760706863
0.950191197372537
0.950088522700962
0.949985736713639
0.949882839432204
0.949779830878425
0.949676711074208
0.94957348004159
0.949470137802746
0.949366684379981
0.949263119795738
0.949159444072592
0.949055657233251
0.94895175930056
0.948847750297495
0.948743630247167
0.948639399172821
0.948535057097834
0.948430604045718
0.948326040040117
0.94822136510481
0.948116579263709
0.948011682540857
0.947906674960432
0.947801556546745
0.947696327324238
0.947590987317489
0.947485536551206
0.94737997505023
0.947274302839535
0.947168519944229
0.947062626389549
0.946956622200866
0.946850507403685
0.94674428202364
0.946637946086498
0.94653149961816
0.946424942644656
0.946318275192148
0.946211497286932
0.946104608955433
0.945997610224209
0.945890501119949
0.945783281669473
0.945675951899733
0.945568511837811
0.945460961510921
0.945353300946406
0.945245530171743
0.945137649214538
0.945029658102527
0.944921556863578
0.944813345525688
0.944705024116986
0.94459659266573
0.94448805120031
0.944379399749243
0.944270638341179
0.944161767004896
0.944052785769303
0.943943694663439
0.943834493716471
0.943725182957697
0.943615762416544
0.943506232122568
0.943396592105455
0.94328684239502
0.943176983021208
0.943067014014089
0.942956935403867
0.942846747220873
0.942736449495564
0.94262604225853
0.942515525540487
0.94240489937228
0.942294163784881
0.942183318809393
0.942072364477044
0.941961300819193
0.941850127867324
0.941738845653051
0.941627454208116
0.941515953564386
0.941404343753859
0.941292624808657
0.941180796761032
0.941068859643362
0.940956813488153
0.940844658328037
0.940732394195773
0.940620021124248
0.940507539146474
0.940394948295592
0.940282248604868
0.940169440107695
0.94005652283759
0.939943496828201
0.939830362113297
0.939717118726777
0.939603766702665
0.939490306075109
0.939376736878384
0.939263059146891
0.939149272915157
0.939035378217833
0.938921375089696
0.938807263565648
0.938693043680716
0.938578715470054
0.938464278968938
0.938349734212771
0.938235081237079
0.938120320077513
0.938005450769851
0.937890473349992
0.93777538785396
0.937660194317905
0.9375448927781
0.937429483270941
0.93731396583295
0.937198340500771
0.937082607311173
0.936966766301047
0.936850817507408
0.936734760967395
0.936618596718271
0.93650232479742
0.936385945242349
0.936269458090691
0.9361528633802
0.93603616114875
0.935919351434342
0.935802434275098
0.935685409709261
0.935568277775197
0.935451038511395
0.935333691956466
0.935216238149142
0.935098677128277
0.934981008932847
0.93486323360195
0.934745351174805
0.934627361690753
0.934509265189256
0.934391061709896
0.934272751292377
0.934154333976526
0.934035809802287
0.933917178809727
0.933798441039034
0.933679596530516
0.9335606453246
0.933441587461835
0.93332242298289
0.933203151928554
0.933083774339735
0.932964290257462
0.932844699722883
0.932725002777266
0.932605199461998
0.932485289818587
0.932365273888658
0.932245151713957
0.932124923336348
0.932004588797813
0.931884148140456
0.931763601406497
0.931642948638274
0.931522189878247
0.931401325168991
0.931280354553201
0.931159278073688
0.931038095773385
0.930916807695338
0.930795413882715
0.930673914378799
0.930552309226992
0.930430598470813
0.930308782153897
0.930186860319999
0.930064833012988
0.929942700276852
0.929820462155696
0.92969811869374
0.929575669935322
0.929453115924896
0.929330456707033
0.929207692326419
0.929084822827857
0.928961848256266
0.928838768656682
0.928715584074253
0.928592294554247
0.928468900142046
0.928345400883146
0.92822179682316
0.928098088007815
0.927974274482955
0.927850356294537
0.927726333488633
0.927602206111431
0.927477974209232
0.927353637828452
0.927229197015622
0.927104651817387
0.926980002280505
0.926855248451849
0.926730390378406
0.926605428107275
0.926480361685672
0.926355191160923
0.926229916580469
0.926104537991863
0.925979055442774
0.925853468980981
0.925727778654377
0.925601984510966
0.925476086598869
0.925350084966315
0.925223979661647
0.925097770733322
0.924971458229905
0.924845042200077
0.924718522692628
0.924591899756463
0.924465173440594
0.924338343794149
0.924211410866365
0.92408437470659
0.923957235364284
0.923829992889018
0.923702647330473
0.923575198738442
0.923447647162828
0.923319992653643
0.923192235261013
0.923064375035169
0.922936412026457
0.922808346285331
0.922680177862354
0.922551906808199
0.922423533173651
0.9222950570096
0.922166478367049
0.92203779729711
0.921909013851001
0.921780128080053
0.921651140035702
0.921522049769495
0.921392857333088
0.921263562778243
0.921134166156832
0.921004667520836
0.920875066922341
0.920745364413543
0.920615560046747
0.920485653874363
0.92035564594891
0.920225536323013
0.920095325049406
0.919965012180929
0.919834597770529
0.919704081871261
0.919573464536285
0.919442745818868
0.919311925772385
0.919181004450315
0.919049981906245
0.918918858193867
0.918787633366979
0.918656307479485
0.918524880585395
0.918393352738823
0.918261723993991
0.918129994405225
0.917998164026954
0.917866232913715
0.917734201120148
0.917602068700999
0.917469835711118
0.917337502205459
0.91720506823908
0.917072533867145
0.916939899144919
0.916807164127775
0.916674328871187
0.916541393430731
0.916408357862091
0.916275222221051
0.916141986563499
0.916008650945426
0.915875215422926
0.915741680052197
0.915608044889538
0.91547430999135
0.915340475414139
0.915206541214511
0.915072507449176
0.914938374174943
0.914804141448725
0.914669809327538
0.914535377868496
0.914400847128818
0.914266217165821
0.914131488036926
0.913996659799653
0.913861732511625
0.913726706230562
0.913591581014289
0.913456356920729
0.913321034007905
0.913185612333941
0.913050091957062
0.912914472935591
0.912778755327952
0.912642939192667
0.91250702458836
0.912371011573752
0.912234900207665
0.912098690549018
0.911962382656831
0.911825976590222
0.911689472408408
0.911552870170702
0.911416169936519
0.91127937176537
0.911142475716865
0.91100548185071
0.910868390226712
0.910731200904774
0.910593913944894
0.910456529407173
0.910319047351803
0.910181467839077
0.910043790929385
0.909906016683212
0.909768145161139
0.909630176423846
0.909492110532109
0.909353947546797
0.909215687528879
0.909077330539419
0.908938876639574
0.9088003258906
0.908661678353847
0.90852293409076
0.90838409316288
0.908245155631843
0.90810612155938
0.907966991007315
0.907827764037569
0.907688440712156
0.907549021093186
0.90740950524286
0.907269893223476
0.907130185097425
0.906990380927192
0.906850480775353
0.906710484704582
0.906570392777644
0.906430205057395
0.906289921606787
0.906149542488865
0.906009067766765
0.905868497503716
0.905727831763039
0.905587070608149
0.905446214102551
0.905305262309845
0.905164215293718
0.905023073117953
0.904881835846423
0.904740503543093
0.904599076272017
0.904457554097343
0.904315937083309
0.904174225294242
0.904032418794562
0.903890517648778
0.903748521921491
0.903606431677391
0.903464246981257
0.903321967897959
0.903179594492459
0.903037126829805
0.902894564975135
0.902751908993678
0.902609158950752
0.902466314911762
0.902323376942205
0.902180345107662
0.902037219473808
0.901894000106403
0.901750687071296
0.901607280434424
0.901463780261812
0.901320186619572
0.901176499573907
0.901032719191103
0.900888845537536
0.900744878679669
0.900600818684051
0.900456665617319
0.900312419546195
0.90016808053749
0.9000236486581
0.899879123975008
0.899734506555282
0.899589796466076
0.899444993774632
0.899300098548275
0.899155110854417
0.899010030760555
0.898864858334272
0.898719593643234
0.898574236755194
0.898428787737988
0.89828324665954
0.898137613587853
0.897991888591019
0.897846071737213
0.897700163094692
0.897554162731799
0.89740807071696
0.897261887118684
0.897115612005565
0.896969245446278
0.896822787509582
0.896676238264321
0.896529597779418
0.896382866123881
0.8962360433668
0.896089129577347
0.895942124824776
0.895795029178424
0.895647842707709
0.895500565482131
0.895353197571272
0.895205739044793
0.895058189972439
0.894910550424034
0.894762820469486
0.89461500017878
0.894467089621983
0.894319088869244
0.89417099799079
0.89402281705693
0.893874546138051
0.893726185304621
